Time(us)	NumAllCore	NumIdleCore	NumTaskWait	NumTaskReady	NumTaskDone	Throughput
1418656348962925	64	50	386	0	0	0
1418656349099737	64	10	104	259	0	0
1418656349226028	64	4	48	339	0	0
1418656349353521	64	4	31	377	0	0
1418656349479023	64	0	4	429	0	0
1418656349604879	64	0	0	433	0	0
1418656349730237	64	0	0	433	0	0
1418656349855356	64	0	0	433	0	0
1418656349980749	64	0	0	433	0	0
1418656350110332	64	0	0	433	0	0
1418656350235562	64	0	0	433	0	0
1418656350360977	64	0	0	433	0	0
1418656350486272	64	0	0	433	0	0
1418656350612536	64	0	0	433	0	0
1418656350739077	64	0	0	433	0	0
1418656350865294	64	0	0	433	0	0
1418656350991969	64	0	0	433	0	0
1418656351118759	64	0	0	433	0	0
1418656351244149	64	0	0	433	0	0
1418656351369903	64	0	0	433	0	0
1418656351495348	64	0	0	433	0	0
1418656351620879	64	0	0	433	0	0
1418656351746505	64	0	0	433	0	0
1418656351871375	64	0	0	433	0	0
1418656351996462	64	0	0	433	0	0
1418656352121385	64	0	0	433	0	0
1418656352246557	64	0	0	433	0	0
1418656352371770	64	0	0	433	0	0
1418656352496967	64	0	0	433	0	0
1418656352621780	64	0	0	433	0	0
1418656352747107	64	0	0	433	0	0
1418656352872395	64	0	0	433	0	0
1418656352997705	64	0	0	433	0	0
1418656353122926	64	0	0	433	0	0
1418656353263030	64	0	0	433	0	0
1418656353388539	64	0	0	433	0	0
1418656353513516	64	0	0	433	0	0
1418656353638445	64	0	0	433	0	0
1418656353763759	64	0	0	433	0	0
1418656353888839	64	0	0	433	0	0
1418656354014222	64	0	0	433	0	0
1418656354139206	64	0	0	433	0	0
1418656354264171	64	0	0	433	0	0
1418656354389883	64	0	0	433	0	0
1418656354514775	64	0	0	433	0	0
1418656354639759	64	0	0	433	0	0
1418656354764618	64	0	0	433	0	0
1418656354889584	64	0	0	433	0	0
1418656355014932	64	0	0	433	0	0
1418656355139787	64	0	0	433	0	0
1418656355265965	64	0	0	433	0	0
1418656355390856	64	0	0	433	0	0
1418656355515997	64	0	0	433	0	0
1418656355640906	64	0	0	433	0	0
1418656355766091	64	0	0	433	0	0
1418656355891370	64	0	0	433	0	0
1418656356016424	64	0	0	433	0	0
1418656356141398	64	0	0	433	0	0
1418656356266326	64	0	0	433	0	0
1418656356391471	64	0	0	433	0	0
1418656356516226	64	0	0	433	0	0
1418656356641208	64	0	0	433	0	0
1418656356766516	64	0	0	433	0	0
1418656356894301	64	0	0	433	0	0
1418656357019849	64	0	0	433	0	0
1418656357146554	64	0	0	433	0	0
1418656357272714	64	0	0	433	0	0
1418656357398104	64	0	0	433	0	0
1418656357524527	64	0	0	433	0	0
1418656357650004	64	0	0	433	0	0
1418656357776245	64	0	0	433	0	0
1418656357901795	64	0	0	433	0	0
1418656358027712	64	0	0	433	0	0
1418656358153182	64	0	0	433	0	0
1418656358279119	64	0	0	433	0	0
1418656358404361	64	0	0	433	0	0
1418656358529746	64	0	0	433	0	0
1418656358654944	64	0	0	433	0	0
1418656358780201	64	0	0	433	0	0
1418656358905496	64	0	0	433	0	0
1418656359031158	64	0	0	433	0	0
1418656359156463	64	0	0	433	0	0
1418656359281740	64	0	0	433	0	0
1418656359406505	64	0	0	433	0	0
1418656359531342	64	0	0	433	0	0
1418656359656002	64	0	0	433	0	0
1418656359783607	64	0	0	433	0	0
1418656359908852	64	0	0	433	0	0
1418656360033837	64	0	0	433	0	0
1418656360158702	64	0	0	433	0	0
1418656360283805	64	0	0	433	0	0
1418656360408855	64	0	0	433	0	0
1418656360533995	64	0	0	433	0	0
1418656360658972	64	0	0	433	0	0
1418656360784184	64	0	0	433	0	0
1418656360909510	64	0	0	433	0	0
1418656361034846	64	0	0	432	1	7.97855
1418656361159784	64	0	0	432	1	0
1418656361286027	64	0	0	432	1	0
1418656361412170	64	0	0	432	1	0
1418656361538006	64	0	0	432	1	0
1418656361663057	64	0	0	432	1	0
1418656361788123	64	0	0	432	1	0
1418656361912921	64	0	0	432	1	0
1418656362038038	64	0	0	432	1	0
1418656362163189	64	0	0	432	1	0
1418656362288314	64	0	0	432	1	0
1418656362413449	64	0	0	432	1	0
1418656362538422	64	0	0	432	1	0
1418656362663746	64	0	0	432	1	0
1418656362788984	64	0	0	432	1	0
1418656362914570	64	0	0	432	1	0
1418656363041112	64	0	0	432	1	0
1418656363166359	64	0	0	432	1	0
1418656363297719	64	0	0	432	1	0
1418656363422963	64	0	0	432	1	0
1418656363548224	64	0	0	432	1	0
1418656363673134	64	0	0	432	1	0
1418656363798239	64	0	0	432	1	0
1418656363923083	64	0	0	432	1	0
1418656364047876	64	0	0	432	1	0
1418656364172939	64	0	0	432	1	0
1418656364297954	64	0	0	432	1	0
1418656364422834	64	0	0	432	1	0
1418656364547690	64	0	0	432	1	0
1418656364672590	64	0	0	432	1	0
1418656364798311	64	0	0	432	1	0
1418656364923180	64	0	0	432	1	0
1418656365048159	64	0	0	432	1	0
1418656365172716	64	0	0	432	1	0
1418656365297818	64	0	0	432	1	0
1418656365422449	64	0	0	432	1	0
1418656365547339	64	0	0	432	1	0
1418656365672209	64	0	0	432	1	0
1418656365797026	64	0	0	432	1	0
1418656365921718	64	0	0	432	1	0
1418656366046550	64	0	0	432	1	0
1418656366171424	64	0	0	432	1	0
1418656366296473	64	0	0	432	1	0
1418656366421292	64	0	0	432	1	0
1418656366546373	64	0	0	432	1	0
1418656366671392	64	0	0	432	1	0
1418656366796396	64	0	0	432	1	0
1418656366921313	64	0	0	432	1	0
1418656367046139	64	0	0	432	1	0
1418656367171288	64	0	0	432	1	0
1418656367296176	64	0	0	432	1	0
1418656367420975	64	0	0	432	1	0
1418656367545736	64	0	0	432	1	0
1418656367670923	64	0	0	432	1	0
1418656367795839	64	0	0	432	1	0
1418656367920493	64	0	0	432	1	0
1418656368045289	64	0	0	432	1	0
1418656368170332	64	0	0	432	1	0
1418656368295169	64	0	0	432	1	0
1418656368420203	64	0	0	432	1	0
1418656368544990	64	0	0	432	1	0
1418656368669825	64	0	0	432	1	0
1418656368794835	64	0	0	432	1	0
1418656368919532	64	0	0	432	1	0
1418656369044827	64	0	0	432	1	0
1418656369169618	64	0	0	432	1	0
1418656369294540	64	0	0	432	1	0
1418656369419285	64	0	0	432	1	0
1418656369544296	64	0	0	432	1	0
1418656369668978	64	0	0	432	1	0
1418656369793815	64	0	0	432	1	0
1418656369918659	64	0	0	432	1	0
1418656370043681	64	0	0	432	1	0
1418656370169780	64	0	0	432	1	0
1418656370294734	64	0	0	432	1	0
1418656370419553	64	0	0	432	1	0
1418656370544614	64	0	0	432	1	0
1418656370670338	64	0	0	432	1	0
1418656370801252	64	0	0	432	1	0
1418656370927032	64	0	0	432	1	0
1418656371054705	64	0	0	432	1	0
1418656371180518	64	0	0	432	1	0
1418656371308260	64	0	0	432	1	0
1418656371433417	64	0	0	432	1	0
1418656371558556	64	0	0	432	1	0
1418656371683461	64	0	0	432	1	0
1418656371808707	64	0	0	432	1	0
1418656371933895	64	0	0	432	1	0
1418656372059498	64	0	0	432	1	0
1418656372184576	64	0	0	432	1	0
1418656372309866	64	0	0	432	1	0
1418656372434872	64	0	0	432	1	0
1418656372560393	64	0	0	432	1	0
1418656372685562	64	0	0	432	1	0
1418656372810854	64	0	0	432	1	0
1418656372935567	64	0	0	432	1	0
1418656373062468	64	0	0	431	2	7.88016
1418656373187131	64	0	0	431	2	0
1418656373312127	64	0	0	431	2	0
1418656373436879	64	0	0	431	2	0
1418656373561758	64	0	0	431	2	0
1418656373686404	64	0	0	431	2	0
1418656373811262	64	0	0	431	2	0
1418656373935978	64	0	0	431	2	0
1418656374062756	64	0	0	429	4	15.7756
1418656374187789	64	0	0	429	4	0
1418656374312994	64	0	0	429	4	0
1418656374437866	64	0	0	429	4	0
1418656374563080	64	0	0	429	4	0
1418656374688216	64	0	0	429	4	0
1418656374813300	64	0	0	429	4	0
1418656374938159	64	0	0	392	41	296.334
1418656375063316	64	0	0	390	43	15.9799
1418656375188002	64	0	0	389	44	8.02015
1418656375313192	64	0	0	385	48	31.9514
1418656375438340	64	0	0	385	48	0
1418656375563353	64	0	0	385	48	0
1418656375688464	64	0	0	385	48	0
1418656375813664	64	0	0	385	48	0
1418656375938382	64	0	0	385	48	0
1418656376063528	64	0	0	381	52	31.9627
1418656376189778	64	0	0	380	53	7.92079
1418656376314930	64	0	0	380	53	0
1418656376439987	64	0	0	380	53	0
1418656376565022	64	0	0	380	53	0
1418656376689897	64	0	0	380	53	0
1418656376815036	64	0	0	380	53	0
1418656376940029	64	0	0	380	53	0
1418656377065020	64	0	0	370	62	72.0052
1418656377189836	64	0	0	370	63	8.01179
1418656377314545	64	0	0	370	63	0
1418656377439022	64	0	0	369	64	8.03361
1418656377564819	64	0	0	369	64	0
1418656377689756	64	0	0	369	64	0
1418656377814901	64	0	0	369	64	0
1418656377939926	64	0	0	369	64	0
1418656378065672	64	0	0	369	64	0
1418656378190566	64	0	0	369	64	0
1418656378315545	64	0	0	369	64	0
1418656378440878	64	0	0	369	64	0
1418656378566257	64	0	0	369	64	0
1418656378692070	64	0	0	369	64	0
1418656378817029	64	0	0	369	64	0
1418656378941849	64	0	0	369	64	0
1418656379066807	64	0	0	369	64	0
1418656379191842	64	0	0	369	64	0
1418656379317254	64	0	0	369	64	0
1418656379442226	64	0	0	369	64	0
1418656379568997	64	0	0	369	64	0
1418656379694991	64	0	0	369	64	0
1418656379820669	64	0	0	369	64	0
1418656379946080	64	0	0	369	64	0
1418656380071149	64	0	0	369	64	0
1418656380196103	64	0	0	369	64	0
1418656380321466	64	0	0	369	64	0
1418656380446763	64	0	0	369	64	0
1418656380572340	64	0	0	369	64	0
1418656380698252	64	0	0	369	64	0
1418656380823749	64	0	0	369	64	0
1418656380951540	64	0	0	369	64	0
1418656381078113	64	0	0	369	64	0
1418656381204087	64	0	0	369	64	0
1418656381329658	64	0	0	369	64	0
1418656381456598	64	0	0	369	64	0
1418656381584909	64	0	0	369	64	0
1418656381713876	64	0	0	369	64	0
1418656381841868	64	0	0	369	64	0
1418656381970842	64	0	0	369	64	0
1418656382099766	64	0	0	369	64	0
1418656382230455	64	0	0	369	64	0
1418656382357220	64	0	0	369	64	0
1418656382484280	64	0	0	369	64	0
1418656382611621	64	0	0	369	64	0
1418656382738626	64	0	0	369	64	0
1418656382866176	64	0	0	369	64	0
1418656382993688	64	0	0	369	64	0
1418656383120737	64	0	0	369	64	0
1418656383248265	64	0	0	369	64	0
1418656383376907	64	0	0	369	64	0
1418656383503770	64	0	0	369	64	0
1418656383631409	64	0	0	369	64	0
1418656383760989	64	0	0	369	64	0
1418656383887751	64	0	0	369	64	0
1418656384015854	64	0	0	369	64	0
1418656384143330	64	0	0	369	64	0
1418656384271369	64	0	0	369	64	0
1418656384400974	64	0	0	369	64	0
1418656384529028	64	0	0	369	64	0
1418656384657172	64	0	0	369	64	0
1418656384785894	64	0	0	369	64	0
1418656384912451	64	0	0	369	64	0
1418656385038330	64	0	0	369	64	0
1418656385163655	64	0	0	369	64	0
1418656385289134	64	0	0	369	64	0
1418656385414642	64	0	0	369	64	0
1418656385540169	64	0	0	369	64	0
1418656385665790	64	0	0	369	64	0
1418656385791303	64	0	0	369	64	0
1418656385916954	64	0	0	369	64	0
1418656386042302	64	0	0	369	64	0
1418656386167899	64	0	0	369	64	0
1418656386293581	64	0	0	369	64	0
1418656386419246	64	0	0	369	64	0
1418656386544430	64	0	0	369	64	0
1418656386669995	64	0	0	369	64	0
1418656386795340	64	0	0	369	64	0
1418656386921113	64	0	0	369	64	0
1418656387051635	64	0	0	369	64	0
1418656387177920	64	0	0	369	64	0
1418656387303581	64	0	0	369	64	0
1418656387429079	64	0	0	369	64	0
1418656387554454	64	0	0	369	64	0
1418656387680497	64	0	0	369	64	0
1418656387805993	64	0	0	369	64	0
1418656387931575	64	0	0	368	65	7.96292
1418656388057187	64	0	0	368	65	0
1418656388182591	64	0	0	368	65	0
1418656388308427	64	0	0	368	65	0
1418656388434029	64	0	0	368	65	0
1418656388559939	64	0	0	368	65	0
1418656388685406	64	0	0	368	65	0
1418656388811196	64	0	0	368	65	0
1418656388936948	64	0	0	368	65	0
1418656389062241	64	0	0	367	66	7.98129
1418656389187858	64	0	0	367	66	0
1418656389313032	64	0	0	367	66	0
1418656389438680	64	0	0	367	66	0
1418656389564246	64	0	0	367	66	0
1418656389690190	64	0	0	367	66	0
1418656389816004	64	0	0	367	66	0
1418656389941978	64	0	0	367	66	0
1418656390068212	64	0	0	367	66	0
1418656390194303	64	0	0	367	66	0
1418656390320461	64	0	0	367	66	0
1418656390446087	64	0	0	367	66	0
1418656390571643	64	0	0	367	66	0
1418656390697401	64	0	0	367	66	0
1418656390823369	64	0	0	367	66	0
1418656390951452	64	0	0	367	66	0
1418656391078726	64	0	0	367	66	0
1418656391219613	64	0	0	367	66	0
1418656391348133	64	0	0	367	66	0
1418656391474238	64	0	0	367	66	0
1418656391599711	64	0	0	367	66	0
1418656391725081	64	0	0	367	66	0
1418656391851222	64	0	0	366	66	0
1418656391976763	64	0	0	366	67	7.96553
1418656392102118	64	0	0	366	67	0
1418656392227744	64	0	0	366	67	0
1418656392353046	64	0	0	366	67	0
1418656392478611	64	0	0	366	67	0
1418656392604378	64	0	0	366	67	0
1418656392730565	64	0	0	366	67	0
1418656392857141	64	0	0	366	67	0
1418656392982781	64	0	0	366	67	0
1418656393108553	64	0	0	366	67	0
1418656393233742	64	0	0	366	67	0
1418656393361805	64	0	0	366	67	0
1418656393486834	64	0	0	366	67	0
1418656393612150	64	0	0	366	67	0
1418656393737288	64	0	0	366	67	0
1418656393862123	64	0	0	366	67	0
1418656393987962	64	0	0	366	67	0
1418656394112974	64	0	0	366	67	0
1418656394237987	64	0	0	366	67	0
1418656394362928	64	0	0	366	67	0
1418656394487758	64	0	0	366	67	0
1418656394612787	64	0	0	366	67	0
1418656394738039	64	0	0	366	67	0
1418656394863169	64	0	0	366	67	0
1418656394988580	64	0	0	366	67	0
1418656395113419	64	0	0	366	67	0
1418656395239004	64	0	0	366	67	0
1418656395364303	64	0	0	366	67	0
1418656395489535	64	0	0	366	67	0
1418656395615645	64	0	0	366	67	0
1418656395741105	64	0	0	366	67	0
1418656395865974	64	0	0	364	69	16.0168
1418656395990848	64	0	0	364	69	0
1418656396115745	64	0	0	364	69	0
1418656396240782	64	0	0	364	69	0
1418656396365743	64	0	0	364	69	0
1418656396491633	64	0	0	364	69	0
1418656396618795	64	0	0	364	69	0
1418656396744235	64	0	0	364	69	0
1418656396869319	64	0	0	363	70	7.99463
1418656396994632	64	0	0	362	71	7.98002
1418656397119815	64	0	0	361	72	7.98831
1418656397248401	64	0	0	361	72	0
1418656397373255	64	0	0	361	72	0
1418656397498205	64	0	0	361	72	0
1418656397623547	64	0	0	361	72	0
1418656397749782	64	0	0	361	72	0
1418656397875073	64	0	0	361	72	0
1418656398000429	64	0	0	361	72	0
1418656398125428	64	0	0	361	72	0
1418656398250643	64	0	0	361	72	0
1418656398375658	64	0	0	361	72	0
1418656398501333	64	0	0	361	72	0
1418656398627558	64	0	0	361	72	0
1418656398758873	64	0	0	361	72	0
1418656398884673	64	0	0	361	72	0
1418656399009728	64	0	0	361	72	0
1418656399136786	64	0	0	360	73	7.87042
1418656399261894	64	0	0	360	73	0
1418656399390442	64	0	0	360	73	0
1418656399516134	64	0	0	360	73	0
1418656399641927	64	0	0	360	73	0
1418656399767174	64	0	0	360	73	0
1418656399894665	64	0	0	358	75	15.6874
1418656400019708	64	0	0	357	76	7.99725
1418656400144585	64	0	0	357	76	0
1418656400277088	64	0	0	357	76	0
1418656400402282	64	0	0	357	76	0
1418656400528206	64	0	0	357	76	0
1418656400654855	64	0	0	357	76	0
1418656400781059	64	0	0	336	97	166.397
1418656400906542	64	0	0	334	99	15.9384
1418656401033406	64	0	0	333	100	7.88246
1418656401159164	64	0	0	330	103	23.8553
1418656401284502	64	0	0	330	103	0
1418656401411056	64	0	0	330	103	0
1418656401536409	64	0	0	330	103	0
1418656401662747	64	0	0	330	103	0
1418656401787868	64	0	0	330	103	0
1418656401912890	64	0	0	321	111	63.9887
1418656402038096	64	0	0	321	112	7.98684
1418656402163808	64	0	0	321	112	0
1418656402288982	64	0	0	321	112	0
1418656402413842	64	0	0	321	112	0
1418656402538701	64	0	0	321	112	0
1418656402663401	64	0	0	321	112	0
1418656402788044	64	0	0	321	112	0
1418656402912690	64	0	0	312	121	72.2045
1418656403037655	64	0	0	312	121	0
1418656403162517	64	0	0	312	121	0
1418656403287424	64	0	0	310	122	8.00596
1418656403412123	64	0	0	310	123	8.01931
1418656403536867	64	0	0	310	123	0
1418656403661478	64	0	0	310	123	0
1418656403786439	64	0	0	310	123	0
1418656403911538	64	0	0	310	123	0
1418656404036545	64	0	0	307	126	23.9987
1418656404161842	64	0	0	307	126	0
1418656404286857	64	0	0	307	126	0
1418656404412010	64	0	0	307	126	0
1418656404537042	64	0	0	307	126	0
1418656404661746	64	0	0	307	126	0
1418656404786958	64	0	0	307	126	0
1418656404911713	64	0	0	307	126	0
1418656405036621	64	0	0	305	128	16.0118
1418656405162473	64	0	0	305	128	0
1418656405287326	64	0	0	305	128	0
1418656405412149	64	0	0	305	128	0
1418656405537538	64	0	0	305	128	0
1418656405662369	64	0	0	305	128	0
1418656405787528	64	0	0	305	128	0
1418656405912669	64	0	0	305	128	0
1418656406037675	64	0	0	305	128	0
1418656406162913	64	0	0	305	128	0
1418656406297387	64	0	0	305	128	0
1418656406422417	64	0	0	305	128	0
1418656406547477	64	0	0	305	128	0
1418656406672459	64	0	0	305	128	0
1418656406797991	64	0	0	305	128	0
1418656406922856	64	0	0	305	128	0
1418656407048024	64	0	0	305	128	0
1418656407173363	64	0	0	305	128	0
1418656407298622	64	0	0	305	128	0
1418656407423566	64	0	0	305	128	0
1418656407554868	64	0	0	305	128	0
1418656407679922	64	0	0	305	128	0
1418656407804878	64	0	0	305	128	0
1418656407929599	64	0	0	305	128	0
1418656408054366	64	0	0	305	128	0
1418656408178982	64	0	0	305	128	0
1418656408303859	64	0	0	305	128	0
1418656408429015	64	0	0	305	128	0
1418656408553994	64	0	0	305	128	0
1418656408678679	64	0	0	305	128	0
1418656408803482	64	0	0	305	128	0
1418656408928524	64	0	0	304	129	7.99731
1418656409053411	64	0	0	304	129	0
1418656409178099	64	0	0	304	129	0
1418656409303195	64	0	0	304	129	0
1418656409428087	64	0	0	304	129	0
1418656409553030	64	0	0	304	129	0
1418656409678077	64	0	0	304	129	0
1418656409803122	64	0	0	304	129	0
1418656409928168	64	0	0	304	129	0
1418656410054201	64	0	0	304	129	0
1418656410179148	64	0	0	304	129	0
1418656410304515	64	0	0	304	129	0
1418656410429960	64	0	0	304	129	0
1418656410556930	64	0	0	304	129	0
1418656410682391	64	0	0	304	129	0
1418656410808099	64	0	0	304	129	0
1418656410933768	64	0	0	304	129	0
1418656411060815	64	0	0	304	129	0
1418656411188946	64	0	0	304	129	0
1418656411314757	64	0	0	304	129	0
1418656411440064	64	0	0	304	129	0
1418656411565765	64	0	0	304	129	0
1418656411690890	64	0	0	304	129	0
1418656411815962	64	0	0	304	129	0
1418656411941243	64	0	0	304	129	0
1418656412066440	64	0	0	304	129	0
1418656412191321	64	0	0	304	129	0
1418656412316365	64	0	0	304	129	0
1418656412441431	64	0	0	304	129	0
1418656412566389	64	0	0	304	129	0
1418656412691377	64	0	0	304	129	0
1418656412825228	64	0	0	304	129	0
1418656412950319	64	0	0	304	129	0
1418656413075491	64	0	0	304	129	0
1418656413200305	64	0	0	304	129	0
1418656413325175	64	0	0	304	129	0
1418656413452076	64	0	0	304	129	0
1418656413577015	64	0	0	304	129	0
1418656413702108	64	0	0	304	129	0
1418656413827156	64	0	0	304	129	0
1418656413952501	64	0	0	304	129	0
1418656414078578	64	0	0	304	129	0
1418656414203361	64	0	0	304	129	0
1418656414328338	64	0	0	304	129	0
1418656414453405	64	0	0	304	129	0
1418656414578405	64	0	0	304	129	0
1418656414703233	64	0	0	304	129	0
1418656414828440	64	0	0	304	129	0
1418656414953259	64	0	0	303	130	8.0116
1418656415078431	64	0	0	303	130	0
1418656415202949	64	0	0	303	130	0
1418656415328363	64	0	0	303	130	0
1418656415453328	64	0	0	303	130	0
1418656415579204	64	0	0	303	130	0
1418656415705099	64	0	0	303	130	0
1418656415838109	64	0	0	303	130	0
1418656415963124	64	0	0	303	130	0
1418656416089016	64	0	0	303	130	0
1418656416213896	64	0	0	303	130	0
1418656416339065	64	0	0	303	130	0
1418656416463913	64	0	0	303	130	0
1418656416588923	64	0	0	303	130	0
1418656416714506	64	0	0	302	130	0
1418656416839431	64	0	0	302	131	8.0048
1418656416967796	64	0	0	302	131	0
1418656417093127	64	0	0	302	131	0
1418656417218354	64	0	0	302	131	0
1418656417343482	64	0	0	302	131	0
1418656417468453	64	0	0	302	131	0
1418656417593391	64	0	0	302	131	0
1418656417738523	64	0	0	302	131	0
1418656417864222	64	0	0	302	131	0
1418656417989110	64	0	0	302	131	0
1418656418114169	64	0	0	301	132	7.99623
1418656418239505	64	0	0	301	132	0
1418656418365068	64	0	0	301	132	0
1418656418490456	64	0	0	301	132	0
1418656418615729	64	0	0	301	132	0
1418656418741822	64	0	0	301	132	0
1418656418867209	64	0	0	301	132	0
1418656418992343	64	0	0	301	132	0
1418656419117727	64	0	0	301	132	0
1418656419243153	64	0	0	301	132	0
1418656419368401	64	0	0	301	132	0
1418656419493522	64	0	0	301	132	0
1418656419618587	64	0	0	301	132	0
1418656419743336	64	0	0	301	132	0
1418656419868632	64	0	0	300	133	7.9811
1418656419993472	64	0	0	299	134	8.01025
1418656420118744	64	0	0	299	134	0
1418656420244110	64	0	0	299	134	0
1418656420370254	64	0	0	299	134	0
1418656420499948	64	0	0	299	134	0
1418656420630326	64	0	0	299	134	0
1418656420758011	64	0	0	298	135	7.83177
1418656420884101	64	0	0	298	135	0
1418656421009138	64	0	0	298	135	0
1418656421134284	64	0	0	298	135	0
1418656421260153	64	0	0	298	135	0
1418656421386031	64	0	0	298	135	0
1418656421511082	64	0	0	298	135	0
1418656421636055	64	0	0	298	135	0
1418656421760995	64	0	0	296	137	16.0077
1418656421886149	64	0	0	296	137	0
1418656422012162	64	0	0	296	137	0
1418656422137276	64	0	0	296	137	0
1418656422262438	64	0	0	296	137	0
1418656422388456	64	0	0	296	137	0
1418656422513670	64	0	0	296	137	0
1418656422639110	64	0	0	296	137	0
1418656422767318	64	0	0	296	137	0
1418656422892845	64	0	0	296	137	0
1418656423018611	64	0	0	296	137	0
1418656423144548	64	0	0	296	137	0
1418656423270133	64	0	0	296	137	0
1418656423396517	64	0	0	296	137	0
1418656423522619	64	0	0	296	137	0
1418656423648050	64	0	0	296	137	0
1418656423774143	64	0	0	295	138	7.93065
1418656423899916	64	0	0	295	138	0
1418656424025446	64	0	0	295	138	0
1418656424150774	64	0	0	295	138	0
1418656424276270	64	0	0	295	138	0
1418656424402228	64	0	0	295	138	0
1418656424527851	64	0	0	295	138	0
1418656424653976	64	0	0	295	138	0
1418656424779558	64	0	0	295	138	0
1418656424904875	64	0	0	294	139	7.97976
1418656425030244	64	0	0	293	140	7.97645
1418656425155528	64	0	0	293	140	0
1418656425280735	64	0	0	293	140	0
1418656425405661	64	0	0	293	140	0
1418656425530435	64	0	0	293	140	0
1418656425655314	64	0	0	293	140	0
1418656425780687	64	0	0	291	142	15.9524
1418656425905724	64	0	0	289	144	15.9953
1418656426030520	64	0	0	289	144	0
1418656426156021	64	0	0	289	144	0
1418656426281240	64	0	0	289	144	0
1418656426417727	64	0	0	289	144	0
1418656426542707	64	0	0	280	149	40.0064
1418656426667889	64	0	0	272	161	95.8604
1418656426792826	64	0	0	271	162	8.00403
1418656426917972	64	0	0	268	163	7.99067
1418656427042847	64	0	0	267	166	24.024
1418656427167897	64	0	0	267	166	0
1418656427292924	64	0	0	267	166	0
1418656427417789	64	0	0	267	166	0
1418656427542899	64	0	0	267	166	0
1418656427668128	64	0	0	267	166	0
1418656427793128	64	0	0	261	172	48
1418656427917985	64	0	0	261	172	0
1418656428043398	64	0	0	261	172	0
1418656428168510	64	0	0	261	172	0
1418656428293655	64	0	0	261	172	0
1418656428429867	64	0	0	261	172	0
1418656428554953	64	0	0	261	172	0
1418656428680190	64	0	0	260	172	0
1418656428805353	64	0	0	253	180	63.9167
1418656428930582	64	0	0	250	183	23.9561
1418656429055542	64	0	0	249	184	8.00256
1418656429181029	64	0	0	247	186	15.9379
1418656429305993	64	0	0	247	186	0
1418656429431144	64	0	0	247	186	0
1418656429556259	64	0	0	247	186	0
1418656429681143	64	0	0	247	186	0
1418656429806063	64	0	0	247	186	0
1418656429931380	64	0	0	244	189	23.9393
1418656430056350	64	0	0	244	189	0
1418656430181308	64	0	0	244	189	0
1418656430306302	64	0	0	244	189	0
1418656430431564	64	0	0	244	189	0
1418656430556730	64	0	0	244	189	0
1418656430682003	64	0	0	244	189	0
1418656430807972	64	0	0	244	189	0
1418656430933266	64	0	0	242	191	15.9625
1418656431059794	64	0	0	242	191	0
1418656431186751	64	0	0	242	191	0
1418656431311712	64	0	0	242	191	0
1418656431437154	64	0	0	242	191	0
1418656431561952	64	0	0	242	191	0
1418656431686739	64	0	0	242	191	0
1418656431811583	64	0	0	242	191	0
1418656431936468	64	0	0	242	191	0
1418656432061327	64	0	0	242	191	0
1418656432186132	64	0	0	242	191	0
1418656432310947	64	0	0	242	191	0
1418656432436409	64	0	0	242	191	0
1418656432561795	64	0	0	242	191	0
1418656432687106	64	0	0	242	191	0
1418656432812390	64	0	0	242	191	0
1418656432937709	64	0	0	242	191	0
1418656433062989	64	0	0	241	192	7.98212
1418656433188112	64	0	0	241	192	0
1418656433313041	64	0	0	241	192	0
1418656433438471	64	0	0	241	192	0
1418656433564137	64	0	0	241	192	0
1418656433689027	64	0	0	241	192	0
1418656433813802	64	0	0	241	192	0
1418656433939097	64	0	0	241	192	0
1418656434064106	64	0	0	241	192	0
1418656434189730	64	0	0	241	192	0
1418656434315238	64	0	0	241	192	0
1418656434440211	64	0	0	241	192	0
1418656434565181	64	0	0	241	192	0
1418656434690364	64	0	0	241	192	0
1418656434815231	64	0	0	240	193	8.00852
1418656434940171	64	0	0	240	193	0
1418656435065360	64	0	0	240	193	0
1418656435190066	64	0	0	240	193	0
1418656435314760	64	0	0	240	193	0
1418656435439438	64	0	0	240	193	0
1418656435564824	64	0	0	240	193	0
1418656435689783	64	0	0	240	193	0
1418656435814929	64	0	0	240	193	0
1418656435940092	64	0	0	240	193	0
1418656436065405	64	0	0	240	193	0
1418656436190899	64	0	0	240	193	0
1418656436317460	64	0	0	240	193	0
1418656436443339	64	0	0	240	193	0
1418656436568453	64	0	0	240	193	0
1418656436693493	64	0	0	240	193	0
1418656436818767	64	0	0	240	193	0
1418656436944562	64	0	0	240	193	0
1418656437070189	64	0	0	240	193	0
1418656437195561	64	0	0	240	193	0
1418656437321008	64	0	0	240	193	0
1418656437446595	64	0	0	240	193	0
1418656437571795	64	0	0	240	193	0
1418656437697273	64	0	0	240	193	0
1418656437824214	64	0	0	240	193	0
1418656437951194	64	0	0	240	193	0
1418656438077892	64	0	0	240	193	0
1418656438204027	64	0	0	240	193	0
1418656438330773	64	0	0	240	193	0
1418656438457543	64	0	0	240	193	0
1418656438582956	64	0	0	240	193	0
1418656438710771	64	0	0	240	193	0
1418656438836062	64	0	0	240	193	0
1418656438961472	64	0	0	240	193	0
1418656439086630	64	0	0	240	193	0
1418656439212559	64	0	0	240	193	0
1418656439337320	64	0	0	240	193	0
1418656439462424	64	0	0	240	193	0
1418656439587111	64	0	0	240	193	0
1418656439712009	64	0	0	240	193	0
1418656439836558	64	0	0	240	193	0
1418656439961772	64	0	0	240	193	0
1418656440086911	64	0	0	240	193	0
1418656440212161	64	0	0	240	193	0
1418656440337603	64	0	0	240	193	0
1418656440462969	64	0	0	240	193	0
1418656440588405	64	0	0	240	193	0
1418656440713872	64	0	0	240	193	0
1418656440840152	64	0	0	240	193	0
1418656440967233	64	0	0	240	193	0
1418656441100070	64	0	0	240	193	0
1418656441225294	64	0	0	240	193	0
1418656441350917	64	0	0	240	193	0
1418656441477217	64	0	0	240	193	0
1418656441604148	64	0	0	240	193	0
1418656441731907	64	0	0	240	193	0
1418656441858918	64	0	0	240	193	0
1418656441986612	64	0	0	240	193	0
1418656442116126	64	0	0	240	193	0
1418656442244372	64	0	0	240	193	0
1418656442374055	64	0	0	240	193	0
1418656442501257	64	0	0	240	193	0
1418656442629319	64	0	0	239	194	7.80872
1418656442757447	64	0	0	239	194	0
1418656442884076	64	0	0	238	195	7.89709
1418656443011178	64	0	0	238	195	0
1418656443139165	64	0	0	238	195	0
1418656443266221	64	0	0	238	195	0
1418656443393120	64	0	0	238	195	0
1418656443520011	64	0	0	238	195	0
1418656443646692	64	0	0	238	195	0
1418656443775791	64	0	0	238	195	0
1418656443902315	64	0	0	237	196	7.90364
1418656444029289	64	0	0	237	196	0
1418656444156412	64	0	0	237	196	0
1418656444283781	64	0	0	237	196	0
1418656444410808	64	0	0	237	196	0
1418656444537744	64	0	0	237	196	0
1418656444663696	64	0	0	237	196	0
1418656444790527	64	0	0	237	196	0
1418656444916605	64	0	0	237	196	0
1418656445042576	64	0	0	237	196	0
1418656445168503	64	0	0	237	196	0
1418656445294270	64	0	0	237	196	0
1418656445419564	64	0	0	237	196	0
1418656445544810	64	0	0	237	196	0
1418656445669904	64	0	0	237	196	0
1418656445795336	64	0	0	235	198	15.9449
1418656445920394	64	0	0	235	198	0
1418656446046205	64	0	0	235	198	0
1418656446171475	64	0	0	235	198	0
1418656446297045	64	0	0	235	198	0
1418656446422577	64	0	0	235	198	0
1418656446548423	64	0	0	233	199	7.94622
1418656446673933	64	0	0	233	200	7.96749
1418656446799867	64	0	0	233	200	0
1418656446925313	64	0	0	232	201	7.97156
1418656447050535	64	0	0	232	201	0
1418656447175944	64	0	0	232	201	0
1418656447303096	64	0	0	232	201	0
1418656447428531	64	0	0	232	201	0
1418656447554607	64	0	0	231	201	0
1418656447679937	64	0	0	231	202	7.97894
1418656447805443	64	0	0	231	202	0
1418656447931333	64	0	0	231	202	0
1418656448057124	64	0	0	231	202	0
1418656448182733	64	0	0	231	202	0
1418656448309501	64	0	0	231	202	0
1418656448435867	64	0	0	231	202	0
1418656448561483	64	0	0	231	202	0
1418656448686787	64	0	0	231	202	0
1418656448812422	64	0	0	231	202	0
1418656448938671	64	0	0	231	202	0
1418656449063954	64	0	0	231	202	0
1418656449189814	64	0	0	231	202	0
1418656449316140	64	0	0	231	202	0
1418656449441871	64	0	0	231	202	0
1418656449569520	64	0	0	229	203	7.83398
1418656449695592	64	0	0	228	204	7.93198
1418656449820897	64	0	0	228	205	7.98053
1418656449946064	64	0	0	227	206	7.98933
1418656450071334	64	0	0	227	206	0
1418656450197003	64	0	0	227	206	0
1418656450322321	64	0	0	227	206	0
1418656450447789	64	0	0	227	206	0
1418656450573345	64	0	0	227	206	0
1418656450698629	64	0	0	226	206	0
1418656450824118	64	0	0	225	208	15.9377
1418656450949709	64	0	0	225	208	0
1418656451075870	64	0	0	225	208	0
1418656451202072	64	0	0	225	208	0
1418656451327445	64	0	0	225	208	0
1418656451453168	64	0	0	225	208	0
1418656451578898	64	0	0	224	209	7.95355
1418656451704846	64	0	0	224	209	0
1418656451830450	64	0	0	223	210	7.96153
1418656451955874	64	0	0	223	210	0
1418656452081318	64	0	0	223	210	0
1418656452206783	64	0	0	223	210	0
1418656452332370	64	0	0	223	210	0
1418656452457381	64	0	0	212	221	87.9923
1418656452582794	64	0	0	212	221	0
1418656452708316	64	0	0	212	221	0
1418656452835711	64	0	0	210	223	15.6992
1418656452961442	64	0	0	210	223	0
1418656453087477	64	0	0	210	223	0
1418656453212817	64	0	0	210	223	0
1418656453338768	64	0	0	210	223	0
1418656453463935	64	0	0	210	223	0
1418656453589692	64	0	0	205	228	39.7592
1418656453715008	64	0	0	203	230	15.9597
1418656453840425	64	0	0	203	230	0
1418656453965272	64	0	0	203	230	0
1418656454090298	64	0	0	203	230	0
1418656454215258	64	0	0	203	230	0
1418656454340452	64	0	0	203	230	0
1418656454465717	64	0	0	203	230	0
1418656454591265	64	0	0	194	238	63.7206
1418656454716347	64	0	0	192	241	23.9843
1418656454841269	64	0	0	191	242	8.005
1418656454966161	64	0	0	190	243	8.00692
1418656455091723	64	0	0	187	246	23.8926
1418656455216845	64	0	0	187	246	0
1418656455342457	64	0	0	187	246	0
1418656455467648	64	0	0	187	246	0
1418656455594007	64	0	0	187	246	0
1418656455720604	64	0	0	185	247	7.89908
1418656455846516	64	0	0	184	249	15.8841
1418656455972179	64	0	0	184	249	0
1418656456099204	64	0	0	184	249	0
1418656456225686	64	0	0	184	249	0
1418656456350929	64	0	0	184	249	0
1418656456478453	64	0	0	184	249	0
1418656456604361	64	0	0	184	249	0
1418656456730059	64	0	0	181	251	15.9112
1418656456856221	64	0	0	180	252	7.92632
1418656456981902	64	0	0	178	255	23.87
1418656457108151	64	0	0	178	255	0
1418656457234013	64	0	0	178	255	0
1418656457359179	64	0	0	178	255	0
1418656457483992	64	0	0	178	255	0
1418656457610004	64	0	0	178	255	0
1418656457735516	64	0	0	178	255	0
1418656457862762	64	0	0	178	255	0
1418656457988194	64	0	0	178	255	0
1418656458113974	64	0	0	178	255	0
1418656458239269	64	0	0	178	255	0
1418656458364861	64	0	0	178	255	0
1418656458491655	64	0	0	178	255	0
1418656458618620	64	0	0	178	255	0
1418656458746446	64	0	0	178	255	0
1418656458871751	64	0	0	178	255	0
1418656458996787	64	0	0	178	255	0
1418656459122184	64	0	0	178	255	0
1418656459248036	64	0	0	178	255	0
1418656459373091	64	0	0	178	255	0
1418656459498612	64	0	0	178	255	0
1418656459623853	64	0	0	178	255	0
1418656459748953	64	0	0	178	255	0
1418656459874178	64	0	0	178	255	0
1418656459999109	64	0	0	177	255	0
1418656460125204	64	0	0	177	256	7.93053
1418656460250119	64	0	0	177	256	0
1418656460376175	64	0	0	177	256	0
1418656460501306	64	0	0	177	256	0
1418656460626466	64	0	0	176	257	7.98977
1418656460752080	64	0	0	176	257	0
1418656460879034	64	0	0	176	257	0
1418656461004451	64	0	0	176	257	0
1418656461130011	64	0	0	176	257	0
1418656461255042	64	0	0	176	257	0
1418656461381079	64	0	0	176	257	0
1418656461508032	64	0	0	176	257	0
1418656461636389	64	0	0	176	257	0
1418656461761561	64	0	0	176	257	0
1418656461887197	64	0	0	176	257	0
1418656462012366	64	0	0	176	257	0
1418656462138084	64	0	0	176	257	0
1418656462263014	64	0	0	176	257	0
1418656462388037	64	0	0	176	257	0
1418656462512995	64	0	0	176	257	0
1418656462637918	64	0	0	176	257	0
1418656462762616	64	0	0	176	257	0
1418656462887919	64	0	0	176	257	0
1418656463012838	64	0	0	176	257	0
1418656463138409	64	0	0	176	257	0
1418656463263186	64	0	0	176	257	0
1418656463387983	64	0	0	176	257	0
1418656463512958	64	0	0	176	257	0
1418656463637986	64	0	0	176	257	0
1418656463763107	64	0	0	176	257	0
1418656463888506	64	0	0	176	257	0
1418656464013584	64	0	0	176	257	0
1418656464139403	64	0	0	176	257	0
1418656464264664	64	0	0	176	257	0
1418656464389885	64	0	0	176	257	0
1418656464514515	64	0	0	176	257	0
1418656464639536	64	0	0	176	257	0
1418656464764667	64	0	0	176	257	0
1418656464889835	64	0	0	176	257	0
1418656465014643	64	0	0	176	257	0
1418656465139903	64	0	0	176	257	0
1418656465264824	64	0	0	176	257	0
1418656465390182	64	0	0	176	257	0
1418656465516363	64	0	0	176	257	0
1418656465641439	64	0	0	176	257	0
1418656465766409	64	0	0	176	257	0
1418656465891665	64	0	0	176	257	0
1418656466017461	64	0	0	176	257	0
1418656466142741	64	0	0	176	257	0
1418656466275516	64	0	0	176	257	0
1418656466400622	64	0	0	176	257	0
1418656466525501	64	0	0	176	257	0
1418656466652074	64	0	0	176	257	0
1418656466777542	64	0	0	176	257	0
1418656466902847	64	0	0	176	257	0
1418656467028062	64	0	0	176	257	0
1418656467153182	64	0	0	176	257	0
1418656467277946	64	0	0	176	257	0
1418656467402857	64	0	0	176	257	0
1418656467527481	64	0	0	176	257	0
1418656467652460	64	0	0	176	257	0
1418656467777301	64	0	0	176	257	0
1418656467901972	64	0	0	176	257	0
1418656468026839	64	0	0	176	257	0
1418656468151759	64	0	0	176	257	0
1418656468277344	64	0	0	176	257	0
1418656468402349	64	0	0	175	257	0
1418656468527261	64	0	0	175	258	8.00564
1418656468652261	64	0	0	175	258	0
1418656468776966	64	0	0	174	259	8.01892
1418656468902649	64	0	0	174	259	0
1418656469027631	64	0	0	174	259	0
1418656469152745	64	0	0	174	259	0
1418656469277371	64	0	0	174	259	0
1418656469402262	64	0	0	174	259	0
1418656469526931	64	0	0	174	259	0
1418656469651937	64	0	0	174	259	0
1418656469777487	64	0	0	173	260	7.96495
1418656469902659	64	0	0	173	260	0
1418656470027990	64	0	0	173	260	0
1418656470153054	64	0	0	173	260	0
1418656470277839	64	0	0	173	260	0
1418656470403210	64	0	0	173	260	0
1418656470528901	64	0	0	172	260	0
1418656470654524	64	0	0	171	262	15.9207
1418656470781228	64	0	0	171	262	0
1418656470907271	64	0	0	171	262	0
1418656471033856	64	0	0	171	262	0
1418656471160122	64	0	0	171	262	0
1418656471285186	64	0	0	171	262	0
1418656471410617	64	0	0	171	262	0
1418656471535484	64	0	0	170	262	0
1418656471660758	64	0	0	169	264	15.965
1418656471785680	64	0	0	169	264	0
1418656471910719	64	0	0	169	264	0
1418656472036281	64	0	0	169	264	0
1418656472165841	64	0	0	169	264	0
1418656472291531	64	0	0	169	264	0
1418656472417029	64	0	0	167	266	15.9365
1418656472542099	64	0	0	167	266	0
1418656472667191	64	0	0	167	266	0
1418656472791907	64	0	0	165	268	16.0364
1418656472916658	64	0	0	165	268	0
1418656473041539	64	0	0	165	268	0
1418656473166876	64	0	0	165	268	0
1418656473292129	64	0	0	165	268	0
1418656473417141	64	0	0	165	268	0
1418656473542571	64	0	0	165	268	0
1418656473667703	64	0	0	165	268	0
1418656473792708	64	0	0	165	268	0
1418656473918033	64	0	0	165	268	0
1418656474043179	64	0	0	165	268	0
1418656474168372	64	0	0	165	268	0
1418656474293418	64	0	0	165	268	0
1418656474418452	64	0	0	165	268	0
1418656474543269	64	0	0	165	268	0
1418656474668736	64	0	0	165	268	0
1418656474794401	64	0	0	164	269	7.95767
1418656474920212	64	0	0	164	269	0
1418656475046307	64	0	0	164	269	0
1418656475175047	64	0	0	164	269	0
1418656475301008	64	0	0	164	269	0
1418656475425887	64	0	0	163	270	8.00775
1418656475550879	64	0	0	161	272	16.001
1418656475675788	64	0	0	161	272	0
1418656475801382	64	0	0	160	273	7.96216
1418656475926466	64	0	0	160	273	0
1418656476051642	64	0	0	160	273	0
1418656476176887	64	0	0	160	273	0
1418656476301794	64	0	0	160	273	0
1418656476426983	64	0	0	160	273	0
1418656476551536	64	0	0	159	274	8.02871
1418656476676334	64	0	0	159	274	0
1418656476801126	64	0	0	159	274	0
1418656476926062	64	0	0	159	274	0
1418656477050906	64	0	0	159	274	0
1418656477176189	64	0	0	159	274	0
1418656477300966	64	0	0	159	274	0
1418656477425786	64	0	0	159	274	0
1418656477550492	64	0	0	158	275	8.01886
1418656477675183	64	0	0	157	276	8.01983
1418656477800175	64	0	0	156	277	8.00051
1418656477925425	64	0	0	156	277	0
1418656478050404	64	0	0	156	277	0
1418656478175636	64	0	0	156	277	0
1418656478307939	64	0	0	148	285	60.4673
1418656478436847	64	0	0	148	285	0
1418656478562104	64	0	0	146	286	7.98359
1418656478687258	64	0	0	145	288	15.9803
1418656478812279	64	0	0	145	288	0
1418656478937452	64	0	0	144	289	7.98894
1418656479062242	64	0	0	144	289	0
1418656479187943	64	0	0	144	289	0
1418656479313000	64	0	0	144	289	0
1418656479438455	64	0	0	139	294	39.8549
1418656479563342	64	0	0	137	296	16.0145
1418656479688180	64	0	0	137	296	0
1418656479813698	64	0	0	137	296	0
1418656479939361	64	0	0	137	296	0
1418656480064269	64	0	0	137	296	0
1418656480189514	64	0	0	137	296	0
1418656480314981	64	0	0	137	296	0
1418656480440389	64	0	0	129	303	55.8178
1418656480565625	64	0	0	129	304	7.98492
1418656480691613	64	0	0	128	305	7.93726
1418656480817110	64	0	0	127	306	7.96832
1418656480942659	64	0	0	124	309	23.8951
1418656481067791	64	0	0	124	309	0
1418656481193175	64	0	0	124	309	0
1418656481318833	64	0	0	124	309	0
1418656481446911	64	0	0	124	309	0
1418656481574429	64	0	0	121	312	23.5261
1418656481699613	64	0	0	121	312	0
1418656481824762	64	0	0	121	312	0
1418656481950826	64	0	0	121	312	0
1418656482077096	64	0	0	121	312	0
1418656482202036	64	0	0	121	312	0
1418656482327343	64	0	0	121	312	0
1418656482453602	64	0	0	121	312	0
1418656482578726	64	0	0	118	315	23.9762
1418656482703637	64	0	0	116	316	8.0057
1418656482828784	64	0	0	115	318	15.9812
1418656482953929	64	0	0	115	318	0
1418656483079023	64	0	0	115	318	0
1418656483204350	64	0	0	115	318	0
1418656483330044	64	0	0	115	318	0
1418656483455058	64	0	0	115	318	0
1418656483580218	64	0	0	115	318	0
1418656483705031	64	0	0	114	318	0
1418656483829869	64	0	0	114	319	8.01038
1418656483954875	64	0	0	114	319	0
1418656484080550	64	0	0	114	319	0
1418656484205584	64	0	0	114	319	0
1418656484330581	64	0	0	114	319	0
1418656484455439	64	0	0	114	319	0
1418656484580270	64	0	0	114	319	0
1418656484705541	64	0	0	114	319	0
1418656484830388	64	0	0	114	319	0
1418656484955256	64	0	0	114	319	0
1418656485080103	64	0	0	114	319	0
1418656485205264	64	0	0	114	319	0
1418656485330218	64	0	0	114	319	0
1418656485455687	64	0	0	114	319	0
1418656485580674	64	0	0	114	319	0
1418656485705818	64	0	0	114	319	0
1418656485830518	64	0	0	114	319	0
1418656485955555	64	0	0	113	320	7.99763
1418656486080517	64	0	0	113	320	0
1418656486205583	64	0	0	113	320	0
1418656486330369	64	0	0	113	320	0
1418656486455358	64	0	0	112	321	8.0007
1418656486580806	64	0	0	112	321	0
1418656486705667	64	0	0	112	321	0
1418656486830422	64	0	0	112	321	0
1418656486955230	64	0	0	112	321	0
1418656487080171	64	0	0	112	321	0
1418656487205017	64	0	0	112	321	0
1418656487329811	64	0	0	112	321	0
1418656487454513	64	0	0	112	321	0
1418656487579106	64	0	0	112	321	0
1418656487703831	64	0	0	112	321	0
1418656487828574	64	0	0	112	321	0
1418656487953322	64	0	0	112	321	0
1418656488078308	64	0	0	112	321	0
1418656488203106	64	0	0	112	321	0
1418656488327964	64	0	0	112	321	0
1418656488453057	64	0	0	112	321	0
1418656488578151	64	0	0	112	321	0
1418656488703066	64	0	0	112	321	0
1418656488828135	64	0	0	112	321	0
1418656488953072	64	0	0	112	321	0
1418656489077633	64	0	0	112	321	0
1418656489202610	64	0	0	112	321	0
1418656489327322	64	0	0	112	321	0
1418656489452414	64	0	0	112	321	0
1418656489577216	64	0	0	112	321	0
1418656489702312	64	0	0	112	321	0
1418656489827070	64	0	0	112	321	0
1418656489952057	64	0	0	112	321	0
1418656490076859	64	0	0	112	321	0
1418656490202033	64	0	0	112	321	0
1418656490328399	64	0	0	112	321	0
1418656490453439	64	0	0	112	321	0
1418656490578440	64	0	0	112	321	0
1418656490703769	64	0	0	112	321	0
1418656490829005	64	0	0	112	321	0
1418656490956811	64	0	0	112	321	0
1418656491082648	64	0	0	112	321	0
1418656491208044	64	0	0	112	321	0
1418656491333431	64	0	0	112	321	0
1418656491459952	64	0	0	112	321	0
1418656491585324	64	0	0	112	321	0
1418656491710347	64	0	0	112	321	0
1418656491835410	64	0	0	112	321	0
1418656491960405	64	0	0	112	321	0
1418656492085343	64	0	0	112	321	0
1418656492210400	64	0	0	112	321	0
1418656492335404	64	0	0	112	321	0
1418656492460316	64	0	0	112	321	0
1418656492585020	64	0	0	112	321	0
1418656492710547	64	0	0	112	321	0
1418656492835940	64	0	0	112	321	0
1418656492961051	64	0	0	112	321	0
1418656493086130	64	0	0	112	321	0
1418656493211055	64	0	0	112	321	0
1418656493337512	64	0	0	112	321	0
1418656493462290	64	0	0	111	322	8.01423
1418656493587623	64	0	0	111	322	0
1418656493712540	64	0	0	111	322	0
1418656493837736	64	0	0	111	322	0
1418656493962752	64	0	0	111	322	0
1418656494087428	64	0	0	111	322	0
1418656494212902	64	0	0	111	322	0
1418656494339533	64	0	0	110	323	7.89696
1418656494464562	64	0	0	110	323	0
1418656494590945	64	0	0	110	323	0
1418656494716267	64	0	0	110	323	0
1418656494841361	64	0	0	110	323	0
1418656494966510	64	0	0	110	323	0
1418656495099898	64	0	0	110	323	0
1418656495234939	64	0	0	110	323	0
1418656495360053	64	0	0	110	323	0
1418656495485301	64	0	0	110	323	0
1418656495610574	64	0	0	109	324	7.98257
1418656495744330	64	0	0	108	325	7.4763
1418656495869487	64	0	0	108	325	0
1418656495994800	64	0	0	108	325	0
1418656496120087	64	0	0	108	325	0
1418656496251497	64	0	0	108	325	0
1418656496377287	64	0	0	107	325	0
1418656496502925	64	0	0	106	327	15.9188
1418656496629476	64	0	0	106	327	0
1418656496755021	64	0	0	106	327	0
1418656496880022	64	0	0	106	327	0
1418656497005099	64	0	0	106	327	0
1418656497130176	64	0	0	106	327	0
1418656497255331	64	0	0	106	327	0
1418656497380429	64	0	0	106	327	0
1418656497505907	64	0	0	105	328	7.96952
1418656497631594	64	0	0	105	328	0
1418656497756740	64	0	0	105	328	0
1418656497881842	64	0	0	105	328	0
1418656498007290	64	0	0	105	328	0
1418656498132679	64	0	0	105	328	0
1418656498258164	64	0	0	104	329	7.96908
1418656498383024	64	0	0	104	329	0
1418656498516718	64	0	0	104	329	0
1418656498641689	64	0	0	102	331	16.0037
1418656498766816	64	0	0	102	331	0
1418656498891922	64	0	0	102	331	0
1418656499017150	64	0	0	102	331	0
1418656499142088	64	0	0	102	331	0
1418656499267423	64	0	0	101	332	7.97862
1418656499392387	64	0	0	101	332	0
1418656499517462	64	0	0	101	332	0
1418656499642432	64	0	0	100	333	8.00192
1418656499768546	64	0	0	100	333	0
1418656499893531	64	0	0	100	333	0
1418656500028860	64	0	0	100	333	0
1418656500153443	64	0	0	100	333	0
1418656500278770	64	0	0	100	333	0
1418656500404582	64	0	0	100	333	0
1418656500530813	64	0	0	100	333	0
1418656500655870	64	0	0	99	334	7.99635
1418656500781336	64	0	0	99	334	0
1418656500907284	64	0	0	99	334	0
1418656501032735	64	0	0	99	334	0
1418656501159206	64	0	0	99	334	0
1418656501284881	64	0	0	98	335	7.95703
1418656501413857	64	0	0	96	337	15.5068
1418656501541431	64	0	0	96	337	0
1418656501673191	64	0	0	95	338	7.58956
1418656501804540	64	0	0	95	338	0
1418656501933510	64	0	0	95	338	0
1418656502064154	64	0	0	95	338	0
1418656502192431	64	0	0	95	338	0
1418656502321972	64	0	0	95	338	0
1418656502450561	64	0	0	94	339	7.77671
1418656502578851	64	0	0	94	339	0
1418656502706883	64	0	0	93	340	7.81055
1418656502833920	64	0	0	93	340	0
1418656502960719	64	0	0	93	340	0
1418656503087586	64	0	0	93	340	0
1418656503213610	64	0	0	93	340	0
1418656503340388	64	0	0	93	340	0
1418656503467571	64	0	0	91	342	15.7254
1418656503594382	64	0	0	90	343	7.88575
1418656503725395	64	0	0	90	343	0
1418656503852278	64	0	0	90	343	0
1418656503982232	64	0	0	90	343	0
1418656504109680	64	0	0	85	347	31.3853
1418656504235940	64	0	0	84	349	15.8403
1418656504362561	64	0	0	84	349	0
1418656504488905	64	0	0	81	352	23.7447
1418656504615052	64	0	0	81	352	0
1418656504740525	64	0	0	81	352	0
1418656504866171	64	0	0	81	352	0
1418656504992413	64	0	0	81	352	0
1418656505118619	64	0	0	81	352	0
1418656505245150	64	0	0	78	353	7.9032
1418656505371677	64	0	0	76	357	31.6138
1418656505498064	64	0	0	75	358	7.91221
1418656505623844	64	0	0	75	358	0
1418656505750793	64	0	0	75	358	0
1418656505881995	64	0	0	75	358	0
1418656506008957	64	0	0	75	358	0
1418656506135822	64	0	0	75	358	0
1418656506263028	64	0	0	70	363	39.3063
1418656506388770	64	0	0	69	364	7.95279
1418656506514190	64	0	0	69	364	0
1418656506640783	64	0	0	68	365	7.89933
1418656506766062	64	0	0	66	367	15.9644
1418656506891806	64	0	0	65	367	0
1418656507022139	64	0	0	65	368	7.67265
1418656507147785	64	0	0	65	368	0
1418656507272959	64	0	0	65	368	0
1418656507398655	64	0	0	62	370	15.9114
1418656507523838	64	0	0	59	374	31.9532
1418656507648988	64	0	0	59	374	0
1418656507774029	64	0	0	59	374	0
1418656507899302	64	0	0	59	374	0
1418656508024410	64	0	0	59	374	0
1418656508149677	64	0	0	59	374	0
1418656508275362	64	0	0	59	374	0
1418656508400802	64	0	0	57	375	7.97194
1418656508526190	64	0	0	56	377	15.9505
1418656508651444	64	0	0	54	379	15.9676
1418656508776407	64	0	0	54	379	0
1418656508901566	64	0	0	53	380	7.98984
1418656509026596	64	0	0	53	380	0
1418656509151933	64	0	0	53	380	0
1418656509277266	64	0	0	53	380	0
1418656509403405	64	0	0	53	380	0
1418656509528799	64	0	0	53	380	0
1418656509654036	64	0	0	52	381	7.98486
1418656509779542	64	0	0	52	381	0
1418656509904832	64	0	0	52	381	0
1418656510030104	64	0	0	52	381	0
1418656510155918	64	0	0	52	381	0
1418656510281292	64	0	0	52	381	0
1418656510406585	64	0	0	52	381	0
1418656510532159	64	0	0	52	381	0
1418656510657975	64	0	0	51	382	7.94811
1418656510784180	64	0	0	50	383	7.92362
1418656510911531	64	0	0	50	383	0
1418656511037870	64	0	0	50	383	0
1418656511166486	64	0	0	50	383	0
1418656511292867	64	0	0	50	383	0
1418656511418652	64	0	0	50	383	0
1418656511544281	64	0	0	50	383	0
1418656511670293	64	0	0	50	383	0
1418656511796764	64	0	0	49	384	7.90695
1418656511922852	64	0	0	49	384	0
1418656512048759	64	0	0	49	384	0
1418656512177293	64	0	0	49	384	0
1418656512304856	64	0	0	48	385	7.83926
1418656512430576	64	0	0	48	385	0
1418656512556200	64	0	0	48	385	0
1418656512681354	64	0	0	48	385	0
1418656512807001	64	0	0	48	385	0
1418656512932209	64	0	0	48	385	0
1418656513057479	64	0	0	48	385	0
1418656513194394	64	0	0	48	385	0
1418656513319987	64	0	0	48	385	0
1418656513445744	64	0	0	48	385	0
1418656513571414	64	0	0	48	385	0
1418656513697232	64	0	0	48	385	0
1418656513822596	64	0	0	48	385	0
1418656513948305	64	0	0	48	385	0
1418656514074025	64	0	0	48	385	0
1418656514199334	64	0	0	48	385	0
1418656514324907	64	0	0	48	385	0
1418656514450469	64	0	0	48	385	0
1418656514575668	64	0	0	48	385	0
1418656514700959	64	0	0	48	385	0
1418656514826528	64	0	0	48	385	0
1418656514952870	64	0	0	48	385	0
1418656515078795	64	0	0	48	385	0
1418656515204473	64	0	0	48	385	0
1418656515329999	64	0	0	48	385	0
1418656515457246	64	0	0	48	385	0
1418656515582743	64	0	0	48	385	0
1418656515707846	64	0	0	48	385	0
1418656515832808	64	0	0	48	385	0
1418656515958750	64	0	0	48	385	0
1418656516084040	64	0	0	48	385	0
1418656516209067	64	0	0	48	385	0
1418656516334041	64	0	0	48	385	0
1418656516459222	64	0	0	48	385	0
1418656516584712	64	0	0	48	385	0
1418656516710188	64	0	0	48	385	0
1418656516835297	64	0	0	48	385	0
1418656516960304	64	0	0	48	385	0
1418656517085389	64	0	0	48	385	0
1418656517210804	64	0	0	48	385	0
1418656517336426	64	0	0	48	385	0
1418656517461616	64	0	0	48	385	0
1418656517586905	64	0	0	48	385	0
1418656517712168	64	0	0	48	385	0
1418656517837161	64	0	0	48	385	0
1418656517962538	64	0	0	48	385	0
1418656518087608	64	0	0	48	385	0
1418656518214404	64	0	0	48	385	0
1418656518340043	64	0	0	48	385	0
1418656518465384	64	0	0	48	385	0
1418656518590445	64	0	0	48	385	0
1418656518715640	64	0	0	48	385	0
1418656518840847	64	0	0	48	385	0
1418656518966075	64	0	0	48	385	0
1418656519091126	64	0	0	48	385	0
1418656519216711	64	0	0	48	385	0
1418656519342744	64	0	0	47	386	7.93443
1418656519468929	64	0	0	46	387	7.92487
1418656519594273	64	0	0	46	387	0
1418656519719528	64	0	0	46	387	0
1418656519844814	64	0	0	46	387	0
1418656519970265	64	0	0	46	387	0
1418656520095517	64	0	0	46	387	0
1418656520221275	64	0	0	45	388	7.95178
1418656520347317	64	0	0	45	388	0
1418656520473256	64	0	0	45	388	0
1418656520599792	64	0	0	45	388	0
1418656520726467	64	0	0	45	388	0
1418656520852127	64	0	0	45	388	0
1418656520977698	64	0	0	45	388	0
1418656521103184	64	0	0	45	388	0
1418656521229127	64	0	0	45	388	0
1418656521354646	64	0	0	45	388	0
1418656521480855	64	0	0	45	388	0
1418656521607313	64	0	0	44	389	7.90776
1418656521732662	64	0	0	44	389	0
1418656521857959	64	0	0	44	389	0
1418656521984476	64	0	0	44	389	0
1418656522111927	64	0	0	44	389	0
1418656522237078	64	0	0	44	389	0
1418656522362446	64	0	0	43	390	7.97652
1418656522488224	64	0	0	43	390	0
1418656522613725	64	0	0	43	390	0
1418656522739994	64	0	0	43	390	0
1418656522865406	64	0	0	43	390	0
1418656522991325	64	0	0	43	390	0
1418656523117275	64	0	0	43	390	0
1418656523244255	64	0	0	43	390	0
1418656523370566	64	0	0	42	391	7.91697
1418656523496668	64	0	0	42	391	0
1418656523623218	64	1	0	42	392	7.90202
1418656523749067	64	1	0	42	392	0
1418656523874849	64	1	0	42	392	0
1418656524000814	64	1	0	42	392	0
1418656524126580	64	1	0	41	393	7.95127
1418656524252768	64	1	0	41	393	0
1418656524378490	64	1	0	41	393	0
1418656524505094	64	2	0	40	395	15.7973
1418656524631177	64	2	0	40	395	0
1418656524757691	64	2	0	40	395	0
1418656524883996	64	2	0	40	395	0
1418656525010657	64	2	0	40	395	0
1418656525136563	64	2	0	40	395	0
1418656525262664	64	2	0	40	395	0
1418656525388905	64	2	0	39	395	0
1418656525514427	64	2	0	39	396	7.96673
1418656525640018	64	2	0	39	396	0
1418656525766007	64	2	0	39	396	0
1418656525891635	64	2	0	39	396	0
1418656526016818	64	2	0	39	396	0
1418656526142118	64	2	0	39	396	0
1418656526267546	64	2	0	39	396	0
1418656526392709	64	2	0	39	396	0
1418656526520763	64	2	0	39	396	0
1418656526645901	64	2	0	39	396	0
1418656526771508	64	2	0	39	396	0
1418656526896828	64	2	0	39	396	0
1418656527022684	64	2	0	39	396	0
1418656527148035	64	2	0	38	397	7.9776
1418656527273517	64	2	0	36	399	15.9385
1418656527398727	64	2	0	36	399	0
1418656527524330	64	2	0	35	400	7.96159
1418656527649832	64	2	0	35	400	0
1418656527775415	64	2	0	35	400	0
1418656527900738	64	2	0	35	400	0
1418656528026253	64	2	0	35	400	0
1418656528151352	64	2	0	35	400	0
1418656528276816	64	3	0	34	402	15.9408
1418656528402085	64	3	0	34	402	0
1418656528527504	64	3	0	33	403	7.97327
1418656528652692	64	3	0	32	404	7.98799
1418656528778289	64	3	0	32	404	0
1418656528904060	64	3	0	32	404	0
1418656529029265	64	3	0	32	404	0
1418656529154485	64	3	0	32	404	0
1418656529279696	64	3	0	30	406	15.973
1418656529405316	64	4	0	29	407	7.96052
1418656529530652	64	4	0	29	408	7.97855
1418656529656392	64	4	0	29	408	0
1418656529781616	64	4	0	29	408	0
1418656529906557	64	4	0	28	409	8.00378
1418656530031681	64	4	0	25	412	23.9762
1418656530156729	64	4	0	25	412	0
1418656530285491	64	4	0	23	414	15.5325
1418656530410779	64	4	0	23	414	0
1418656530536375	64	4	0	22	415	7.96204
1418656530661703	64	4	0	22	415	0
1418656530788175	64	4	0	22	415	0
1418656530913909	64	4	0	22	415	0
1418656531040441	64	4	0	22	415	0
1418656531167477	64	6	0	19	420	39.3589
1418656531292960	64	7	0	19	421	7.96921
1418656531418136	64	7	0	18	422	7.98875
1418656531543490	64	8	0	18	423	7.97741
1418656531684709	64	8	0	18	423	0
1418656531810470	64	8	0	18	423	0
1418656531936022	64	8	0	18	423	0
1418656532062235	64	8	0	18	423	0
1418656532188301	64	9	0	15	427	31.7294
1418656532314514	64	9	0	15	427	0
1418656532441000	64	9	0	15	427	0
1418656532567492	64	10	0	14	429	15.8113
1418656532695869	64	10	0	14	429	0
1418656532822366	64	10	0	13	430	7.90533
1418656532961021	64	10	0	13	430	0
1418656533096021	64	10	0	13	430	0
1418656533222210	64	11	0	13	430	0
1418656533353602	64	11	0	10	434	30.4433
1418656533479795	64	11	0	9	435	7.92437
1418656533607419	64	11	0	9	435	0
1418656533733159	64	11	0	8	436	7.95292
1418656533859176	64	11	0	8	436	0
1418656533985038	64	11	0	8	436	0
1418656534110760	64	11	0	8	436	0
1418656534236251	64	11	0	7	436	0
1418656534361940	64	12	0	3	442	47.7369
1418656534487390	64	13	0	2	444	15.9426
1418656534612939	64	13	0	1	445	7.96502
1418656534738453	64	13	0	1	445	0
1418656534864648	64	13	0	1	445	0
1418656534990903	64	13	0	1	445	0
1418656535117293	64	13	0	1	445	0
1418656535243365	64	13	0	1	445	0
1418656535369767	64	13	0	1	445	0
1418656535498303	64	14	0	1	446	7.77992
1418656535624681	64	14	0	1	446	0
1418656535751235	64	14	0	1	446	0
1418656535877908	64	14	0	1	446	0
1418656536003610	64	14	0	1	446	0
1418656536135451	64	14	0	1	446	0
1418656536260430	64	14	0	1	446	0
1418656536385346	64	14	0	1	446	0
1418656536511122	64	14	0	1	446	0
1418656536636352	64	14	0	0	447	7.98531
1418656536761865	64	14	0	0	447	0
1418656536887361	64	14	0	0	447	0
1418656537012673	64	14	0	0	447	0
1418656537138020	64	14	0	0	447	0
1418656537263161	64	14	0	0	447	0
1418656537388993	64	14	0	0	447	0
1418656537514446	64	14	0	0	447	0
1418656537639990	64	14	0	0	447	0
1418656537764920	64	14	0	0	447	0
1418656537890029	64	14	0	0	447	0
1418656538020018	64	14	0	0	447	0
1418656538145664	64	15	0	0	448	7.95887
1418656538272141	64	15	0	0	448	0
1418656538397984	64	15	0	0	448	0
1418656538523266	64	15	0	0	448	0
1418656538648297	64	16	0	0	449	7.99802
1418656538773481	64	16	0	0	449	0
1418656538898837	64	16	0	0	449	0
1418656539024052	64	16	0	0	449	0
1418656539149149	64	16	0	0	449	0
1418656539274481	64	16	0	0	449	0
1418656539400930	64	16	0	0	449	0
1418656539526533	64	16	0	0	449	0
1418656539651956	64	16	0	0	449	0
1418656539777649	64	16	0	0	449	0
1418656539902989	64	16	0	0	449	0
1418656540028053	64	16	0	0	449	0
1418656540153371	64	16	0	0	449	0
1418656540278557	64	16	0	0	449	0
1418656540403658	64	16	0	0	449	0
1418656540528602	64	16	0	0	449	0
1418656540653803	64	16	0	0	449	0
1418656540779060	64	16	0	0	449	0
1418656540904422	64	16	0	0	449	0
1418656541029549	64	16	0	0	449	0
1418656541154912	64	16	0	0	449	0
1418656541280476	64	16	0	0	449	0
1418656541406269	64	16	0	0	449	0
1418656541533852	64	16	0	0	449	0
1418656541659743	64	16	0	0	449	0
1418656541784600	64	16	0	0	449	0
1418656541909714	64	16	0	0	449	0
1418656542034694	64	16	0	0	449	0
1418656542159683	64	16	0	0	449	0
1418656542284275	64	16	0	0	449	0
1418656542409343	64	16	0	0	449	0
1418656542534486	64	16	0	0	449	0
1418656542659530	64	16	0	0	449	0
1418656542784498	64	16	0	0	449	0
1418656542909616	64	16	0	0	449	0
1418656543034651	64	16	0	0	449	0
1418656543159982	64	16	0	0	449	0
1418656543285121	64	16	0	0	449	0
1418656543410342	64	16	0	0	449	0
1418656543535765	64	16	0	0	449	0
1418656543660890	64	16	0	0	449	0
1418656543785532	64	16	0	0	449	0
1418656543910715	64	16	0	0	449	0
1418656544036064	64	16	0	0	449	0
1418656544160913	64	16	0	0	449	0
1418656544286304	64	16	0	0	449	0
1418656544411400	64	16	0	0	449	0
1418656544538327	64	16	0	0	449	0
1418656544663715	64	16	0	0	449	0
1418656544789052	64	16	0	0	449	0
1418656544914285	64	16	0	0	449	0
1418656545039251	64	16	0	0	449	0
1418656545164424	64	17	0	0	450	7.98894
1418656545289574	64	18	0	0	451	7.99041
1418656545414791	64	18	0	0	451	0
1418656545539570	64	18	0	0	451	0
1418656545664593	64	18	0	0	451	0
1418656545789401	64	18	0	0	451	0
1418656545914623	64	18	0	0	451	0
1418656546040407	64	19	0	0	452	7.95014
1418656546165715	64	19	0	0	452	0
1418656546290769	64	19	0	0	452	0
1418656546416126	64	19	0	0	452	0
1418656546541269	64	19	0	0	452	0
1418656546666548	64	19	0	0	452	0
1418656546791754	64	19	0	0	452	0
1418656546916996	64	19	0	0	452	0
1418656547042165	64	19	0	0	452	0
1418656547167321	64	19	0	0	452	0
1418656547292018	64	19	0	0	452	0
1418656547416950	64	20	0	0	453	8.00435
1418656547541847	64	20	0	0	453	0
1418656547666778	64	20	0	0	453	0
1418656547792033	64	20	0	0	453	0
1418656547917109	64	20	0	0	453	0
1418656548042497	64	20	0	0	453	0
1418656548168163	64	21	0	0	454	7.9576
1418656548293423	64	21	0	0	454	0
1418656548418504	64	21	0	0	454	0
1418656548543584	64	21	0	0	454	0
1418656548668579	64	21	0	0	454	0
1418656548793619	64	21	0	0	454	0
1418656548918467	64	21	0	0	454	0
1418656549043389	64	21	0	0	454	0
1418656549169243	64	21	0	0	454	0
1418656549294809	64	21	0	0	454	0
1418656549422609	64	21	0	0	454	0
1418656549548098	64	21	0	0	454	0
1418656549673022	64	21	0	0	454	0
1418656549797853	64	21	0	0	454	0
1418656549923031	64	22	0	0	454	0
1418656550048390	64	22	0	0	455	7.97709
1418656550173600	64	22	0	0	455	0
1418656550298468	64	22	0	0	455	0
1418656550423501	64	22	0	0	455	0
1418656550556910	64	22	0	0	455	0
1418656550682556	64	22	0	0	455	0
1418656550807887	64	22	0	0	455	0
1418656550934123	64	22	0	0	455	0
1418656551060970	64	22	0	0	455	0
1418656551186982	64	22	0	0	455	0
1418656551312781	64	24	0	0	457	15.8984
1418656551439818	64	24	0	0	457	0
1418656551564614	64	24	0	0	457	0
1418656551689585	64	24	0	0	457	0
1418656551814669	64	24	0	0	457	0
1418656551939744	64	24	0	0	457	0
1418656552064871	64	24	0	0	457	0
1418656552190068	64	25	0	0	458	7.98741
1418656552314964	64	25	0	0	458	0
1418656552440329	64	25	0	0	458	0
1418656552565144	64	26	0	0	459	8.01186
1418656552690037	64	26	0	0	459	0
1418656552815725	64	26	0	0	459	0
1418656552941032	64	27	0	0	460	7.9804
1418656553066114	64	27	0	0	460	0
1418656553191367	64	29	0	0	462	15.9677
1418656553316421	64	30	0	0	463	7.99655
1418656553441431	64	30	0	0	463	0
1418656553566862	64	30	0	0	463	0
1418656553693085	64	30	0	0	463	0
1418656553818017	64	30	0	0	463	0
1418656553943424	64	30	0	0	463	0
1418656554068390	64	31	0	0	463	0
1418656554193457	64	32	0	0	465	15.9914
1418656554318640	64	33	0	0	466	7.98831
1418656554443814	64	33	0	0	466	0
1418656554568511	64	33	0	0	466	0
1418656554693457	64	33	0	0	466	0
1418656554817819	64	33	0	0	466	0
1418656554942553	64	33	0	0	466	0
1418656555067244	64	33	0	0	466	0
1418656555191900	64	35	0	0	468	16.0442
1418656555316652	64	36	0	0	469	8.0159
1418656555441675	64	36	0	0	469	0
1418656555566351	64	36	0	0	469	0
1418656555690982	64	36	0	0	469	0
1418656555815905	64	39	0	0	472	24.0148
1418656555941033	64	39	0	0	472	0
1418656556066601	64	40	0	0	473	7.96381
1418656556191906	64	42	0	0	475	15.9611
1418656556317451	64	42	0	0	475	0
1418656556442439	64	42	0	0	475	0
1418656556567203	64	44	0	0	476	8.01513
1418656556692590	64	44	0	0	477	7.97531
1418656556818181	64	44	0	0	477	0
1418656556943579	64	46	0	0	479	15.9492
1418656557068878	64	46	0	0	479	0
1418656557194910	64	46	0	0	479	0
1418656557323205	64	47	0	0	480	7.79454
1418656557448745	64	47	0	0	480	0
1418656557574063	64	47	0	0	480	0
1418656557699767	64	47	0	0	480	0
1418656557825213	64	47	0	0	480	0
1418656557951283	64	47	0	0	480	0
1418656558076568	64	48	0	0	481	7.9818
1418656558201955	64	48	0	0	481	0
1418656558326792	64	48	0	0	481	0
1418656558452123	64	50	0	0	483	15.9577
1418656558576976	64	50	0	0	483	0
1418656558703070	64	51	0	0	484	7.93059
1418656558828075	64	51	0	0	484	0
1418656558953192	64	51	0	0	484	0
1418656559078459	64	51	0	0	484	0
1418656559203581	64	54	0	0	487	23.9766
1418656559328762	64	55	0	0	488	7.98843
1418656559454776	64	55	0	0	488	0
1418656559579944	64	56	0	0	489	7.98926
1418656559704996	64	56	0	0	489	0
1418656559830171	64	56	0	0	489	0
1418656559955928	64	56	0	0	489	0
1418656560081515	64	57	0	0	490	7.96261
1418656560206979	64	60	0	0	493	23.9112
1418656560332775	64	60	0	0	493	0
1418656560458588	64	60	0	0	493	0
1418656560586417	64	60	0	0	493	0
1418656560729987	64	60	0	0	493	0
1418656560855401	64	60	0	0	493	0
1418656560981161	64	60	0	0	493	0
1418656561109118	64	60	0	0	493	0
1418656561239191	64	60	0	0	493	0
1418656561373930	64	61	0	0	494	7.42176
1418656561503716	64	61	0	0	494	0
1418656561630619	64	61	0	0	494	0
1418656561758762	64	61	0	0	494	0
1418656561890772	64	61	0	0	494	0
1418656562027347	64	61	0	0	494	0
1418656562156676	64	61	0	0	494	0
1418656562284213	64	62	0	0	495	7.84086
1418656562411560	64	64	0	0	497	15.7051
