I am a Matrix Scheduler, it takes me 0s, and 7439 ns for initialization!
Time	NumTaskFin	NumTaskWait	NumTaskReady	NumIdleCore	NumAllCore	NumWorkSteal	NumWorkStealFail
1418095916507513	0	1000	0	1	1	0	0
1418095921126623	0	575	423	0	1	0	0
1418095921290245	3	566	429	0	1	0	0
1418095921338185	4	566	428	0	1	0	0
1418095926535775	6	118	874	0	1	0	0
1418095926670871	6	118	874	0	1	0	0
1418095954719444	6	0	992	0	1	0	0
1418095962930766	7	0	991	0	1	0	0
1418095976799756	9	0	989	0	1	0	0
1418095976846690	10	0	988	0	1	0	0
1418095976907692	11	0	987	0	1	0	0
1418095985426960	12	0	986	0	1	0	0
1418095985461127	13	0	985	0	1	0	0
1418095985511507	14	0	984	0	1	0	0
1418095986686986	15	0	983	0	1	0	0
1418096118825328	16	0	982	0	1	0	0
1418096119015116	16	0	982	0	1	0	0
1418096309142696	17	0	981	0	1	0	0
1418096309315168	17	0	981	0	1	0	0
1418096368146696	17	0	981	0	1	0	0
1418096411591354	18	0	980	0	1	0	0
1418096517014656	20	0	978	0	1	0	0
1418096679334685	21	0	977	0	1	0	0
1418096690703545	22	0	976	0	1	0	0
1418096733550696	22	0	976	0	1	0	0
1418096960462705	25	0	973	0	1	0	0
1418097217331058	25	0	973	0	1	0	0
1418097255410936	26	0	972	0	1	0	0
1418097337022236	26	0	972	0	1	0	0
1418097391866713	28	0	970	0	1	0	0
1418097451327539	28	0	970	0	1	0	0
1418097621179623	29	0	969	0	1	0	0
1418097679835383	29	0	969	0	1	0	0
1418097679890731	30	0	968	0	1	0	0
1418097735142883	31	0	967	0	1	0	0
1418097735202633	32	0	966	0	1	0	0
1418097735255320	33	0	965	0	1	0	0
1418097736083606	34	0	964	0	1	0	0
1418097769426701	34	0	964	0	1	0	0
1418097769471330	35	0	963	0	1	0	0
1418097769687095	35	0	963	0	1	0	0
1418097772290721	36	0	962	0	1	0	0
1418097772494622	36	0	962	0	1	0	0
1418097846678690	37	0	961	0	1	0	0
1418097846914683	37	0	961	0	1	0	0
1418098009378851	37	0	961	0	1	0	0
1418098009419048	38	0	960	0	1	0	0
1418098152834742	38	0	960	0	1	0	0
1418098152883311	39	0	959	0	1	0	0
1418098176626684	40	0	958	0	1	0	0
1418098330062704	41	0	957	0	1	0	0
1418098330594627	42	0	956	0	1	0	0
1418098350618468	42	0	956	0	1	0	0
1418098350690683	43	0	955	0	1	0	0
1418098350878666	43	0	955	0	1	0	0
1418098382703728	44	0	954	0	1	0	0
1418098443107642	45	0	953	0	1	0	0
1418098735149531	45	0	953	0	1	0	0
1418098808659073	46	0	952	0	1	0	0
1418098831002716	49	0	949	0	1	0	0
1418098831194620	49	0	949	0	1	0	0
1418098881619074	50	0	948	0	1	0	0
1418098893206731	50	0	948	0	1	0	0
1418099002233107	52	0	946	0	1	0	0
1418099002783107	53	0	945	0	1	0	0
1418099049131244	54	0	944	0	1	0	0
1418099195242664	54	0	944	0	1	0	0
1418099275479338	55	0	943	0	1	0	0
1418099300446724	56	0	942	0	1	0	0
1418099568007150	59	0	939	0	1	0	0
1418099671126717	59	0	939	0	1	0	0
1418099671182670	60	0	938	0	1	0	0
1418099747463132	61	0	937	0	1	0	0
1418099747526706	62	0	936	0	1	0	0
1418099747575192	63	0	935	0	1	0	0
1418099948415104	66	0	932	0	1	0	0
1418099955567730	66	0	932	0	1	0	0
1418099955611185	67	0	931	0	1	0	0
1418099965027113	67	0	931	0	1	0	0
1418100144343722	67	0	931	0	1	0	0
1418100180090699	70	0	928	0	1	0	0
1418100180311420	70	0	928	0	1	0	0
1418100229282674	71	0	927	0	1	0	0
1418100229470883	71	0	927	0	1	0	0
1418100238015023	72	0	926	0	1	0	0
1418100238223481	72	0	926	0	1	0	0
1418100333130822	73	0	925	0	1	0	0
1418100340303833	73	0	925	0	1	0	0
1418100451320321	73	0	925	0	1	0	0
1418100451367109	74	0	924	0	1	0	0
1418100451582640	74	0	924	0	1	0	0
1418100478394746	74	0	924	0	1	0	0
1418100503399364	77	0	921	0	1	0	0
1418100547590722	78	0	920	0	1	0	0
1418100547635048	79	0	919	0	1	0	0
1418100547679563	80	0	918	0	1	0	0
1418100547742693	81	0	917	0	1	0	0
1418100547787444	82	0	916	0	1	0	0
1418100627938681	84	0	914	0	1	0	0
1418100630230697	84	0	914	0	1	0	0
1418100651158669	86	0	912	0	1	0	0
1418100651370668	86	0	912	0	1	0	0
1418100681766783	86	0	912	0	1	0	0
1418100681806794	87	0	911	0	1	0	0
1418100851558665	88	0	910	0	1	0	0
1418100912363489	92	0	906	0	1	0	0
1418100912551432	92	0	906	0	1	0	0
1418100934419371	93	0	905	0	1	0	0
1418100939579114	93	0	905	0	1	0	0
1418100939622669	94	0	904	0	1	0	0
1418100948706991	94	0	904	0	1	0	0
1418100948753721	95	0	903	0	1	0	0
1418101077226704	96	0	902	0	1	0	0
1418101097883085	96	0	902	0	1	0	0
1418101101878677	97	0	901	0	1	0	0
1418101106857995	97	0	901	0	1	0	0
1418101107768644	97	0	901	0	1	0	0
1418101115866721	97	0	901	0	1	0	0
1418101119946636	97	0	901	0	1	0	0
1418101151083133	97	0	901	0	1	0	0
1418101300087491	97	0	901	0	1	0	0
1418101343572033	100	0	898	0	1	0	0
1418101347311496	101	0	897	0	1	0	0
1418101354222915	105	0	893	0	1	0	0
1418101354414845	105	0	893	0	1	0	0
1418101501466690	106	0	892	0	1	0	0
1418101548526997	106	0	892	0	1	0	0
1418101597998723	108	0	890	0	1	0	0
1418101649470697	109	0	889	0	1	0	0
1418101649510686	110	0	888	0	1	0	0
1418101649550700	111	0	887	0	1	0	0
1418101649610700	112	0	886	0	1	0	0
1418101649658383	113	0	885	0	1	0	0
1418101649694688	114	0	884	0	1	0	0
1418101651494683	116	0	882	0	1	0	0
1418101653126713	117	0	881	0	1	0	0
1418101670047627	117	0	881	0	1	0	0
1418101681566703	119	0	879	0	1	0	0
1418101681618753	120	0	878	0	1	0	0
1418101688446706	123	0	875	0	1	0	0
1418101755583460	124	0	874	0	1	0	0
1418101755791121	124	0	874	0	1	0	0
1418101806962709	125	0	873	0	1	0	0
1418101807186681	125	0	873	0	1	0	0
1418101809822727	126	0	872	0	1	0	0
1418101812826665	127	0	871	0	1	0	0
1418101838376908	127	0	871	0	1	0	0
1418101897461685	129	0	869	0	1	0	0
1418101941455114	129	0	869	0	1	0	0
1418101941503610	130	0	868	0	1	0	0
1418101941859510	130	0	868	0	1	0	0
1418101994343554	130	0	868	0	1	0	0
1418102011722736	131	0	867	0	1	0	0
1418102034326720	131	0	867	0	1	0	0
1418102049582983	131	0	867	0	1	0	0
1418102077382696	131	0	867	0	1	0	0
1418102082378783	134	0	864	0	1	0	0
1418102082588892	134	0	864	0	1	0	0
1418102083342686	134	0	864	0	1	0	0
1418102083399652	135	0	863	0	1	0	0
