Time(us)	NumAllCore	NumIdleCore	NumTaskWait	NumTaskReady	NumTaskDone	Throughput
1417923041081480	1	0	0	0	0	0
1417923042086331	1	1	1000	0	0	0
1417923043087500	1	1	1000	0	0	0
1417923044088444	1	1	1000	0	0	0
1417923045093210	1	1	1000	0	0	0
1417923046100320	1	1	1000	0	0	0
1417923047101282	1	1	1000	0	0	0
1417923048109114	1	1	998	1	1	0.992229
1417923049113158	1	1	998	1	1	0
1417923050125323	1	1	998	1	1	0
1417923051126536	1	1	998	1	1	0
1417923052136314	1	1	998	1	1	0
1417923053137367	1	1	998	1	1	0
1417923054138320	1	1	998	1	1	0
1417923055139792	1	1	998	1	1	0
1417923056144226	1	1	998	1	1	0
1417923057149163	1	1	998	1	1	0
1417923058156386	1	1	998	1	1	0
1417923059157646	1	1	998	1	1	0
1417923060158792	1	1	998	1	1	0
1417923061160947	1	1	998	1	1	0
1417923062161954	1	1	998	1	1	0
1417923063162992	1	1	998	1	1	0
1417923064172875	1	1	998	1	1	0
1417923065180071	1	1	998	1	1	0
1417923066182606	1	1	998	1	1	0
1417923067183802	1	1	998	1	1	0
1417923068188969	1	1	998	1	1	0
1417923069190002	1	1	998	1	1	0
1417923070201317	1	1	998	1	1	0
1417923071202508	1	0	0	995	4	2.99643
1417923072204349	1	0	0	995	4	0
1417923073205502	1	0	0	995	4	0
1417923074206792	1	0	0	995	4	0
1417923075207911	1	0	0	995	4	0
1417923076214981	1	0	0	995	4	0
1417923077216600	1	0	0	995	4	0
1417923078220290	1	0	0	995	4	0
1417923079228275	1	0	0	995	4	0
1417923080230545	1	0	0	995	4	0
1417923081240389	1	0	0	994	7	2.97076
1417923082248145	1	0	0	994	7	0
1417923083256604	1	0	0	994	7	0
1417923084258805	1	0	0	994	7	0
1417923085260390	1	0	0	994	7	0
1417923086265196	1	0	0	994	7	0
1417923087273346	1	0	0	994	7	0
1417923088277647	1	0	0	994	7	0
1417923089278772	1	0	0	994	7	0
1417923090280038	1	0	0	994	7	0
1417923091293260	1	0	0	991	7	0
1417923092301355	1	0	0	991	7	0
1417923093302896	1	0	0	991	7	0
1417923094321212	1	0	0	991	7	0
1417923095322463	1	0	0	991	7	0
1417923096328267	1	0	0	991	7	0
1417923097337439	1	0	0	991	7	0
1417923098348214	1	0	0	991	7	0
1417923099350975	1	0	0	991	7	0
1417923100356346	1	0	0	991	7	0
1417923101364258	1	0	0	991	7	0
1417923102373310	1	0	0	991	7	0
1417923103381283	1	0	0	991	7	0
1417923104388306	1	0	0	991	7	0
1417923105392475	1	0	0	991	7	0
1417923106393487	1	0	0	991	7	0
1417923107394437	1	0	0	991	7	0
1417923108395543	1	0	0	991	7	0
1417923109401061	1	0	0	991	7	0
1417923110403013	1	0	0	991	7	0
1417923111404361	1	0	0	991	7	0
1417923112405510	1	0	0	991	7	0
1417923113406497	1	0	0	991	7	0
1417923114407832	1	0	0	991	7	0
1417923115417288	1	0	0	990	8	0.990633
1417923116419211	1	0	0	989	9	0.998081
1417923117421288	1	0	0	987	11	1.99585
1417923118422321	1	0	0	987	11	0
1417923119423294	1	0	0	987	11	0
1417923120425662	1	0	0	987	11	0
1417923121427160	1	0	0	987	11	0
1417923122432290	1	0	0	987	11	0
1417923123437215	1	0	0	987	11	0
1417923124439244	1	0	0	987	11	0
1417923125443970	1	0	0	987	11	0
1417923126449122	1	0	0	987	11	0
1417923127451135	1	0	0	987	11	0
1417923128453235	1	0	0	987	11	0
1417923129460947	1	0	0	987	11	0
1417923130465656	1	0	0	987	11	0
1417923131472105	1	0	0	987	11	0
1417923132475630	1	0	0	987	11	0
1417923133476604	1	0	0	987	11	0
1417923134489238	1	0	0	987	11	0
1417923135492409	1	0	0	987	11	0
1417923136493412	1	0	0	987	11	0
1417923137496422	1	0	0	987	11	0
1417923138509049	1	0	0	987	11	0
1417923139510561	1	0	0	987	11	0
1417923140516269	1	0	0	987	11	0
1417923141524992	1	0	0	987	11	0
1417923142532342	1	0	0	987	11	0
1417923143533344	1	0	0	987	11	0
1417923144537206	1	0	0	987	11	0
1417923145544929	1	0	0	987	14	2.97701
1417923146546901	1	0	0	987	14	0
1417923147572734	1	0	0	987	14	0
1417923148580278	1	0	0	987	14	0
1417923149581820	1	0	0	987	14	0
1417923150588316	1	0	0	987	14	0
1417923151592424	1	0	0	987	14	0
1417923152594128	1	0	0	987	14	0
1417923153595079	1	0	0	987	14	0
1417923154600287	1	0	0	987	14	0
1417923155604439	1	0	0	987	14	0
1417923156612271	1	0	0	987	14	0
1417923157620398	1	0	0	987	14	0
1417923158622304	1	0	0	987	14	0
1417923159629066	1	0	0	987	14	0
1417923160636236	1	0	0	987	14	0
1417923161644346	1	0	0	987	14	0
1417923162646217	1	0	0	987	14	0
1417923163647356	1	0	0	987	14	0
1417923164657233	1	0	0	987	14	0
1417923165659074	1	0	0	987	14	0
1417923166660329	1	0	0	987	14	0
1417923167664350	1	0	0	987	14	0
1417923168668351	1	0	0	987	14	0
1417923169672432	1	0	0	987	14	0
1417923170673407	1	0	0	987	14	0
1417923171684079	1	0	0	987	14	0
1417923172685089	1	0	0	987	14	0
1417923173689945	1	0	0	987	14	0
1417923174696326	1	0	0	987	14	0
1417923175701041	1	0	0	987	14	0
1417923176712373	1	0	0	987	14	0
1417923177717287	1	0	0	987	14	0
1417923178728630	1	0	0	987	14	0
1417923179733029	1	0	0	987	14	0
1417923180735561	1	0	0	987	14	0
1417923181736573	1	0	0	987	14	0
1417923182738279	1	0	0	987	14	0
1417923183741055	1	0	0	987	14	0
1417923184748500	1	0	0	987	14	0
1417923185753274	1	0	0	987	14	0
1417923186754270	1	0	0	987	14	0
1417923187755495	1	0	0	987	14	0
1417923188764834	1	0	0	987	14	0
1417923189770288	1	0	0	987	14	0
1417923190780923	1	0	0	987	14	0
1417923191781920	1	0	0	987	14	0
1417923192783481	1	0	0	987	14	0
1417923193788781	1	0	0	987	14	0
1417923194790955	1	0	0	987	14	0
1417923195792007	1	0	0	987	14	0
1417923196800382	1	0	0	987	14	0
1417923197817305	1	0	0	987	14	0
1417923198818546	1	0	0	987	14	0
1417923199828302	1	0	0	987	14	0
1417923200836442	1	0	0	987	14	0
1417923201841215	1	0	0	987	14	0
1417923202842515	1	0	0	987	14	0
1417923203843667	1	0	0	987	14	0
1417923204856302	1	0	0	987	14	0
1417923205857685	1	0	0	987	14	0
1417923206864244	1	0	0	987	14	0
1417923207866983	1	0	0	987	14	0
1417923208871406	1	0	0	987	14	0
1417923209873043	1	0	0	987	14	0
1417923210874110	1	0	0	987	14	0
1417923211880217	1	0	0	987	14	0
1417923212885392	1	0	0	987	14	0
1417923213895126	1	0	0	987	14	0
1417923214900323	1	0	0	987	14	0
1417923215904402	1	0	0	987	14	0
1417923216905380	1	0	0	987	14	0
1417923217906473	1	0	0	987	14	0
1417923218907551	1	0	0	987	14	0
1417923219912491	1	0	0	987	14	0
1417923220916449	1	0	0	987	14	0
1417923221921239	1	0	0	987	14	0
1417923222923141	1	0	0	987	14	0
1417923223928556	1	0	0	987	14	0
1417923224931572	1	0	0	987	14	0
1417923225937096	1	0	0	987	14	0
1417923226938081	1	0	0	987	14	0
1417923227939194	1	0	0	987	14	0
1417923228940285	1	0	0	984	14	0
1417923229941201	1	0	0	984	14	0
1417923230943126	1	0	0	984	14	0
1417923231944164	1	0	0	984	14	0
1417923232948287	1	0	0	984	14	0
1417923233949563	1	0	0	984	14	0
1417923234957720	1	0	0	984	14	0
1417923235960966	1	0	0	984	14	0
1417923236962928	1	0	0	984	14	0
1417923237969486	1	0	0	984	14	0
1417923238970583	1	0	0	984	14	0
1417923239972051	1	0	0	984	14	0
1417923240978574	1	0	0	984	14	0
1417923241979593	1	0	0	984	14	0
1417923242980665	1	0	0	984	14	0
1417923243981633	1	0	0	984	14	0
1417923244984258	1	0	0	984	14	0
1417923245985953	1	0	0	984	14	0
1417923246986932	1	0	0	984	14	0
1417923247992273	1	0	0	984	14	0
1417923249004439	1	0	0	984	18	3.95192
1417923250005491	1	0	0	980	18	0
1417923251008285	1	0	0	980	18	0
1417923252012395	1	0	0	980	18	0
1417923253016359	1	0	0	980	18	0
1417923254029277	1	0	0	980	18	0
1417923255040503	1	0	0	980	18	0
1417923256041451	1	0	0	980	18	0
1417923257048953	1	0	0	980	18	0
1417923258050008	1	0	0	980	21	2.99684
1417923259051627	1	0	0	980	21	0
1417923260064287	1	0	0	980	21	0
1417923261082746	1	0	0	980	21	0
1417923262084017	1	0	0	980	21	0
1417923263088894	1	0	0	980	21	0
1417923264093378	1	0	0	980	21	0
1417923265094466	1	0	0	980	21	0
1417923266095603	1	0	0	980	21	0
1417923267104509	1	0	0	980	21	0
1417923268105559	1	0	0	980	21	0
1417923269110561	1	0	0	980	21	0
1417923270117466	1	0	0	980	21	0
1417923271118559	1	0	0	980	21	0
1417923272129064	1	0	0	980	21	0
1417923273140310	1	0	0	980	21	0
1417923274141622	1	0	0	980	21	0
1417923275144279	1	0	0	980	21	0
1417923276148614	1	0	0	980	21	0
1417923277149670	1	0	0	980	21	0
1417923278155615	1	0	0	980	21	0
1417923279164444	1	0	0	980	21	0
1417923280166842	1	0	0	980	21	0
1417923281168702	1	0	0	980	21	0
1417923282172582	1	0	0	980	21	0
1417923283177202	1	0	0	980	21	0
1417923284178318	1	0	0	980	21	0
1417923285184462	1	0	0	980	21	0
1417923286193008	1	0	0	980	21	0
1417923287197167	1	0	0	977	22	0.995858
1417923288204889	1	0	0	977	22	0
1417923289205942	1	0	0	977	22	0
1417923290212582	1	0	0	977	22	0
1417923291213497	1	0	0	977	22	0
1417923292214503	1	0	0	977	22	0
1417923293220969	1	0	0	977	22	0
1417923294226938	1	0	0	977	22	0
1417923295232396	1	0	0	977	22	0
1417923296237256	1	0	0	977	22	0
1417923297238530	1	0	0	977	22	0
1417923298244572	1	0	0	977	22	0
1417923299245571	1	0	0	977	22	0
1417923300256295	1	0	0	977	22	0
1417923301260285	1	0	0	977	22	0
1417923302264570	1	0	0	977	22	0
1417923303266054	1	0	0	977	22	0
1417923304276150	1	0	0	977	22	0
1417923305277701	1	0	0	977	22	0
1417923306289418	1	0	0	977	22	0
1417923307293098	1	0	0	976	22	0
1417923308300538	1	0	0	976	22	0
1417923309308302	1	0	0	976	22	0
1417923310317519	1	0	0	976	22	0
1417923311318771	1	0	0	976	22	0
1417923312319713	1	0	0	976	22	0
1417923313324265	1	0	0	976	22	0
1417923314332245	1	0	0	976	22	0
1417923315340056	1	0	0	976	22	0
1417923316349616	1	0	0	976	22	0
1417923317352240	1	0	0	976	22	0
1417923318360365	1	0	0	976	22	0
1417923319368301	1	0	0	976	22	0
1417923320369672	1	0	0	976	22	0
1417923321371795	1	0	0	976	22	0
1417923322382274	1	0	0	976	22	0
1417923323388300	1	0	0	976	22	0
1417923324400286	1	0	0	976	22	0
1417923325408756	1	0	0	976	22	0
1417923326412322	1	0	0	976	22	0
1417923327421579	1	0	0	976	22	0
1417923328425132	1	0	0	976	22	0
1417923329436544	1	0	0	976	22	0
1417923330448885	1	0	0	976	22	0
1417923331460498	1	0	0	976	22	0
1417923332469114	1	0	0	976	22	0
1417923333476270	1	0	0	976	22	0
1417923334477742	1	0	0	976	22	0
1417923335486715	1	0	0	976	22	0
1417923336500420	1	0	0	976	22	0
1417923337502135	1	0	0	976	22	0
1417923338512310	1	0	0	976	22	0
1417923339524288	1	0	0	976	22	0
1417923340526550	1	0	0	976	22	0
1417923341532318	1	0	0	976	22	0
1417923342537236	1	0	0	976	22	0
1417923343544281	1	0	0	976	22	0
1417923344549285	1	0	0	976	22	0
1417923345550501	1	0	0	976	22	0
1417923346555399	1	0	0	976	22	0
1417923347557277	1	0	0	976	22	0
1417923348568990	1	0	0	976	22	0
1417923349573197	1	0	0	976	22	0
1417923350577314	1	0	0	976	22	0
1417923351584991	1	0	0	976	22	0
1417923352588200	1	0	0	976	22	0
1417923353589175	1	0	0	976	22	0
1417923354592105	1	0	0	976	22	0
1417923355596243	1	0	0	976	22	0
1417923356619542	1	0	0	976	22	0
1417923357630652	1	0	0	976	22	0
1417923358632039	1	0	0	976	22	0
1417923359636560	1	0	0	976	22	0
1417923360637581	1	0	0	976	22	0
1417923361647804	1	0	0	976	22	0
1417923362648815	1	0	0	976	22	0
1417923363649805	1	0	0	976	22	0
1417923364650810	1	0	0	976	22	0
1417923365661084	1	0	0	976	22	0
1417923366669247	1	0	0	976	22	0
1417923367675486	1	0	0	976	22	0
1417923368680505	1	0	0	976	22	0
1417923369681438	1	0	0	976	22	0
1417923370682578	1	0	0	976	22	0
1417923371688583	1	0	0	976	22	0
1417923372689520	1	0	0	976	22	0
1417923373690468	1	0	0	976	22	0
1417923374696710	1	0	0	976	22	0
1417923375697758	1	0	0	976	22	0
1417923376704248	1	0	0	976	22	0
1417923377706460	1	0	0	976	22	0
1417923378712311	1	0	0	976	22	0
1417923379714193	1	0	0	976	22	0
1417923380715229	1	0	0	976	22	0
1417923381720171	1	0	0	976	22	0
1417923382722061	1	0	0	976	22	0
1417923383723020	1	0	0	976	22	0
1417923384724075	1	0	0	976	22	0
1417923385725435	1	0	0	976	22	0
1417923386727209	1	0	0	976	22	0
1417923387732258	1	0	0	976	22	0
1417923388733218	1	0	0	976	22	0
1417923389734935	1	0	0	976	22	0
1417923390736038	1	0	0	976	22	0
1417923391744591	1	0	0	976	22	0
1417923392745624	1	0	0	976	22	0
1417923393752251	1	0	0	976	22	0
1417923394756273	1	0	0	976	22	0
1417923395760296	1	0	0	976	22	0
1417923396761358	1	0	0	976	22	0
1417923397768293	1	0	0	976	22	0
1417923398780345	1	0	0	976	22	0
1417923399785559	1	0	0	976	22	0
1417923400792289	1	0	0	976	22	0
1417923401793835	1	0	0	976	22	0
1417923402797065	1	0	0	976	22	0
1417923403799268	1	0	0	976	22	0
1417923404804552	1	0	0	976	22	0
1417923405813053	1	0	0	976	22	0
1417923406815197	1	0	0	976	22	0
1417923407820605	1	0	0	976	22	0
1417923408822067	1	0	0	976	22	0
1417923409825195	1	0	0	976	22	0
1417923410826154	1	0	0	976	22	0
1417923411833369	1	0	0	976	22	0
1417923412849465	1	0	0	976	22	0
1417923413851357	1	0	0	976	22	0
1417923414852403	1	0	0	976	22	0
1417923415853453	1	0	0	976	22	0
1417923416860920	1	0	0	976	22	0
1417923417861995	1	0	0	976	22	0
1417923418863011	1	0	0	976	22	0
1417923419868536	1	0	0	976	22	0
1417923420869740	1	0	0	976	22	0
1417923421875015	1	0	0	976	22	0
1417923422880418	1	0	0	976	22	0
1417923423889282	1	0	0	976	22	0
1417923424890284	1	0	0	976	22	0
1417923425891246	1	0	0	976	22	0
1417923426893169	1	0	0	976	22	0
1417923427894211	1	0	0	976	22	0
1417923428900894	1	0	0	976	22	0
1417923429902804	1	0	0	976	22	0
1417923430903715	1	0	0	976	22	0
1417923431905478	1	0	0	976	22	0
1417923432906487	1	0	0	976	22	0
1417923433912915	1	0	0	976	22	0
1417923434920396	1	0	0	976	22	0
1417923435921280	1	0	0	976	22	0
1417923436922308	1	0	0	976	22	0
1417923437932218	1	0	0	976	22	0
1417923438933478	1	0	0	976	22	0
1417923439934467	1	0	0	976	22	0
1417923440935432	1	0	0	976	22	0
1417923441936460	1	0	0	976	22	0
1417923442937445	1	0	0	976	22	0
1417923443945172	1	0	0	976	22	0
1417923444946196	1	0	0	976	22	0
1417923445953387	1	0	0	976	22	0
1417923446954504	1	0	0	976	22	0
1417923447955768	1	0	0	976	22	0
1417923448964331	1	0	0	976	22	0
1417923449965487	1	0	0	976	22	0
1417923450966469	1	0	0	976	22	0
1417923451972280	1	0	0	976	22	0
1417923452980365	1	0	0	976	22	0
1417923453982296	1	0	0	976	22	0
1417923454992444	1	0	0	976	22	0
1417923455994081	1	0	0	976	22	0
1417923456999412	1	0	0	976	22	0
1417923458008288	1	0	0	976	22	0
1417923459020348	1	0	0	976	22	0
1417923460025275	1	0	0	976	22	0
1417923461033263	1	0	0	976	22	0
1417923462040261	1	0	0	976	22	0
1417923463042450	1	0	0	976	22	0
1417923464046133	1	0	0	976	22	0
1417923465047214	1	0	0	976	22	0
1417923466056589	1	0	0	976	22	0
1417923467057865	1	0	0	976	22	0
1417923468064124	1	0	0	976	22	0
1417923469065636	1	0	0	976	22	0
1417923470068297	1	0	0	976	22	0
1417923471069338	1	0	0	976	22	0
1417923472070968	1	0	0	976	22	0
1417923473071962	1	0	0	976	22	0
1417923474072921	1	0	0	976	22	0
1417923475080985	1	0	0	976	22	0
1417923476088108	1	0	0	976	22	0
1417923477096158	1	0	0	976	22	0
1417923478100798	1	0	0	976	22	0
1417923479101796	1	0	0	976	22	0
1417923480106440	1	0	0	976	22	0
1417923481107411	1	0	0	976	22	0
1417923482116261	1	0	0	976	22	0
1417923483124607	1	0	0	976	22	0
1417923484133100	1	0	0	976	22	0
1417923485136365	1	0	0	976	22	0
1417923486137100	1	0	0	976	22	0
1417923487141431	1	0	0	976	23	0.995688
1417923488147868	1	0	0	976	23	0
1417923489150533	1	0	0	976	23	0
1417923490151556	1	0	0	976	23	0
1417923491152625	1	0	0	976	23	0
1417923492153623	1	0	0	976	23	0
1417923493161245	1	0	0	976	23	0
1417923494162689	1	0	0	976	23	0
1417923495168304	1	0	0	976	23	0
1417923496176566	1	0	0	976	23	0
1417923497178106	1	0	0	976	23	0
1417923498180015	1	0	0	976	23	0
1417923499188330	1	0	0	976	23	0
1417923500193063	1	0	0	976	23	0
1417923501195031	1	0	0	976	23	0
1417923502200240	1	0	0	976	23	0
1417923503204304	1	0	0	976	23	0
1417923504205530	1	0	0	976	23	0
1417923505217153	1	0	0	976	23	0
1417923506228185	1	0	0	976	23	0
1417923507236413	1	0	0	976	23	0
1417923508244513	1	0	0	976	23	0
1417923509246518	1	0	0	976	23	0
1417923510248668	1	0	0	976	23	0
1417923511256886	1	0	0	976	23	0
1417923512264216	1	0	0	976	23	0
1417923513273177	1	0	0	976	23	0
1417923514279381	1	0	0	976	23	0
1417923515285279	1	0	0	976	23	0
1417923516292999	1	0	0	976	23	0
1417923517305168	1	0	0	976	23	0
1417923518314180	1	0	0	976	23	0
1417923519320293	1	0	0	976	23	0
1417923520324349	1	0	0	976	23	0
1417923521330618	1	0	0	976	23	0
1417923522333348	1	0	0	976	23	0
1417923523340892	1	0	0	976	23	0
1417923524348376	1	0	0	976	23	0
1417923525349458	1	0	0	976	23	0
1417923526356316	1	0	0	976	23	0
1417923527364268	1	0	0	976	23	0
1417923528372236	1	0	0	976	23	0
1417923529381151	1	0	0	976	23	0
1417923530382231	1	0	0	976	23	0
1417923531389026	1	0	0	976	23	0
1417923532396930	1	0	0	976	23	0
1417923533398435	1	0	0	976	23	0
1417923534404862	1	0	0	976	23	0
1417923535412281	1	0	0	976	23	0
1417923536413227	1	0	0	975	23	0
1417923537415496	1	0	0	975	23	0
1417923538420717	1	0	0	975	23	0
1417923539428906	1	0	0	975	23	0
1417923540436927	1	0	0	975	23	0
1417923541445597	1	0	0	975	23	0
1417923542448108	1	0	0	975	23	0
1417923543449661	1	0	0	975	23	0
1417923544456854	1	0	0	975	23	0
1417923545465126	1	0	0	975	23	0
1417923546466998	1	0	0	975	23	0
1417923547472766	1	0	0	975	23	0
1417923548473990	1	0	0	975	23	0
1417923549480587	1	0	0	975	25	1.98689
1417923550481475	1	0	0	975	25	0
1417923551485409	1	0	0	975	25	0
1417923552500384	1	0	0	975	25	0
1417923553504248	1	0	0	975	25	0
1417923554505417	1	0	0	975	25	0
1417923555508819	1	0	0	975	25	0
1417923556512832	1	0	0	975	25	0
1417923557516338	1	0	0	975	25	0
1417923558517538	1	0	0	975	25	0
1417923559518573	1	0	0	975	25	0
1417923560519661	1	0	0	975	25	0
1417923561521811	1	0	0	975	25	0
1417923562522759	1	0	0	975	25	0
1417923563532567	1	0	0	975	25	0
1417923564534713	1	0	0	975	25	0
1417923565544364	1	0	0	975	25	0
1417923566545967	1	0	0	975	25	0
1417923567547021	1	0	0	975	25	0
1417923568556247	1	0	0	975	25	0
1417923569560383	1	0	0	975	25	0
1417923570561307	1	0	0	975	25	0
1417923571562309	1	0	0	975	25	0
1417923572568250	1	0	0	975	25	0
1417923573569786	1	0	0	975	25	0
1417923574572103	1	0	0	975	25	0
1417923575572885	1	0	0	975	25	0
1417923576576854	1	0	0	975	25	0
1417923577580323	1	0	0	975	25	0
1417923578582121	1	0	0	975	25	0
1417923579588456	1	0	0	975	25	0
1417923580589525	1	0	0	975	25	0
1417923581590481	1	0	0	975	25	0
1417923582602223	1	0	0	975	25	0
1417923583604621	1	0	0	975	25	0
1417923584608292	1	0	0	975	25	0
1417923585614149	1	0	0	975	25	0
1417923586615986	1	0	0	975	25	0
1417923587620454	1	0	0	975	25	0
1417923588621428	1	0	0	975	25	0
1417923589622494	1	0	0	975	25	0
1417923590624387	1	0	0	975	25	0
1417923591625297	1	0	0	975	25	0
1417923592630098	1	0	0	975	25	0
1417923593631032	1	0	0	975	25	0
1417923594632023	1	0	0	975	25	0
1417923595636120	1	0	0	975	25	0
1417923596637059	1	0	0	975	25	0
1417923597638005	1	0	0	975	25	0
1417923598644280	1	0	0	975	25	0
1417923599648416	1	0	0	975	25	0
1417923600652002	1	0	0	975	25	0
1417923601657332	1	0	0	975	25	0
1417923602658701	1	0	0	975	25	0
1417923603659714	1	0	0	975	25	0
1417923604661372	1	0	0	975	25	0
1417923605662570	1	0	0	975	25	0
1417923606668297	1	0	0	975	25	0
1417923607669418	1	0	0	975	25	0
1417923608672428	1	0	0	975	25	0
1417923609681421	1	0	0	975	25	0
1417923610684477	1	0	0	975	25	0
1417923611689230	1	0	0	975	25	0
1417923612692352	1	0	0	975	25	0
1417923613708593	1	0	0	970	29	3.93607
1417923614709717	1	0	0	968	30	0.998877
1417923615710705	1	0	0	968	30	0
1417923616711916	1	0	0	968	30	0
1417923617714219	1	0	0	968	30	0
1417923618718214	1	0	0	968	30	0
1417923619724279	1	0	0	968	30	0
1417923620734264	1	0	0	968	30	0
1417923621745408	1	0	0	968	31	0.988979
1417923622752270	1	0	0	968	31	0
1417923623761157	1	0	0	968	31	0
1417923624763139	1	0	0	968	31	0
1417923625764495	1	0	0	968	31	0
1417923626766292	1	0	0	968	31	0
1417923627777144	1	0	0	968	31	0
1417923628778199	1	0	0	968	31	0
1417923629779168	1	0	0	968	31	0
1417923630784235	1	0	0	968	31	0
1417923631796399	1	0	0	968	31	0
1417923632804473	1	0	0	968	31	0
1417923633812293	1	0	0	968	31	0
1417923634816365	1	0	0	968	31	0
1417923635821058	1	0	0	968	31	0
1417923636823084	1	0	0	968	31	0
1417923637824050	1	0	0	968	31	0
1417923638828940	1	0	0	968	31	0
1417923639836346	1	0	0	968	31	0
1417923640844501	1	0	0	968	31	0
1417923641852815	1	0	0	968	31	0
1417923642853767	1	0	0	968	31	0
1417923643860167	1	0	0	968	31	0
1417923644864420	1	0	0	968	31	0
1417923645869256	1	0	0	968	31	0
1417923646871213	1	0	0	968	31	0
1417923647876153	1	0	0	968	31	0
1417923648881134	1	0	0	968	31	0
1417923649887020	1	0	0	968	31	0
1417923650888102	1	0	0	968	31	0
1417923651897556	1	0	0	968	31	0
1417923652905199	1	0	0	968	31	0
1417923653906131	1	0	0	968	31	0
1417923654916342	1	0	0	968	31	0
1417923655920413	1	0	0	968	31	0
1417923656921407	1	0	0	968	31	0
1417923657922577	1	0	0	968	31	0
1417923658928872	1	0	0	968	31	0
1417923659930825	1	0	0	968	31	0
1417923660931801	1	0	0	968	31	0
1417923661941181	1	0	0	968	31	0
1417923662944327	1	0	0	968	31	0
1417923663948253	1	0	0	968	31	0
1417923664952353	1	0	0	968	31	0
1417923665953340	1	0	0	968	31	0
1417923666961284	1	0	0	968	31	0
1417923667966087	1	0	0	968	31	0
1417923668975487	1	0	0	968	31	0
1417923669976641	1	0	0	967	32	0.998847
1417923670978208	1	0	0	967	32	0
1417923671980255	1	0	0	967	32	0
1417923672985089	1	0	0	966	32	0
1417923673992263	1	0	0	966	32	0
1417923674994233	1	0	0	965	34	1.99607
1417923675996051	1	0	0	965	34	0
1417923676996975	1	0	0	965	34	0
1417923677999750	1	0	0	964	35	0.997233
1417923679001661	1	0	0	962	36	0.998093
1417923680002948	1	0	0	962	36	0
1417923681008342	1	0	0	962	36	0
1417923682009665	1	0	0	962	36	0
1417923683013816	1	0	0	962	36	0
1417923684015033	1	0	0	962	36	0
1417923685016892	1	0	0	961	38	1.99629
1417923686020275	1	0	0	960	38	0
1417923687023675	1	0	0	960	38	0
1417923688024604	1	0	0	960	38	0
1417923689025610	1	0	0	960	38	0
1417923690031102	1	0	0	960	38	0
1417923691032435	1	0	0	960	38	0
1417923692035879	1	0	0	960	38	0
1417923693037426	1	0	0	960	38	0
1417923694038506	1	0	0	960	38	0
1417923695043994	1	0	0	960	38	0
1417923696048314	1	0	0	960	38	0
1417923697050366	1	0	0	960	38	0
1417923698051336	1	0	0	960	38	0
1417923699057272	1	0	0	960	38	0
1417923700058308	1	0	0	960	38	0
1417923701061464	1	0	0	960	38	0
1417923702062515	1	0	0	960	38	0
1417923703063832	1	0	0	960	38	0
1417923704067453	1	0	0	960	38	0
1417923705074285	1	0	0	960	38	0
1417923706077850	1	0	0	960	38	0
1417923707084267	1	0	0	960	38	0
1417923708086940	1	0	0	960	38	0
1417923709091762	1	0	0	959	39	0.995201
1417923710095476	1	0	0	959	39	0
1417923711102983	1	0	0	959	40	0.992549
1417923712107403	1	0	0	957	41	0.995599
1417923713109426	1	0	0	957	41	0
1417923714112707	1	0	0	957	41	0
1417923715115684	1	0	0	957	41	0
1417923716116578	1	0	0	957	41	0
1417923717121179	1	0	0	956	43	1.99084
1417923718122274	1	0	0	956	43	0
1417923719126224	1	0	0	956	43	0
1417923720128136	1	0	0	954	45	1.99618
1417923721129377	1	0	0	954	45	0
1417923722131461	1	0	0	954	45	0
1417923723132419	1	0	0	954	45	0
1417923724134201	1	0	0	952	46	0.998221
1417923725137392	1	0	0	951	47	0.996819
1417923726143681	1	0	0	948	51	3.975
1417923727151270	1	0	0	946	52	0.992468
1417923728157165	1	0	0	946	52	0
1417923729172746	1	0	0	946	53	0.984658
1417923730177079	1	0	0	946	53	0
1417923731178238	1	0	0	946	53	0
1417923732184004	1	0	0	946	53	0
1417923733185766	1	0	0	945	54	0.998241
1417923734191978	1	0	0	944	54	0
1417923735196839	1	0	0	944	55	0.995163
1417923736198042	1	0	0	944	55	0
1417923737202247	1	0	0	944	55	0
1417923738203482	1	0	0	944	55	0
1417923739205255	1	0	0	943	59	3.99292
1417923740222130	1	0	0	939	60	0.983405
1417923741224980	1	0	0	939	60	0
1417923742232263	1	0	0	939	60	0
1417923743239017	1	0	0	936	64	3.97317
1417923744241847	1	0	0	934	65	0.997178
1417923745248497	1	0	0	934	65	0
1417923746249463	1	0	0	931	67	1.99807
1417923747250638	1	0	0	930	68	0.998826
1417923748256669	1	0	0	929	70	1.98801
1417923749258899	1	0	0	929	70	0
1417923750261161	1	0	0	929	70	0
1417923751271539	1	0	0	929	70	0
1417923752272534	1	0	0	929	70	0
1417923753275691	1	0	0	927	71	0.996853
1417923754280760	1	0	0	926	72	0.994957
1417923755287900	1	0	0	926	73	0.992911
1417923756289093	1	0	0	925	73	0
1417923757293332	1	0	0	924	74	0.995779
1417923758300374	1	0	0	924	75	0.993007
1417923759301693	1	0	0	924	75	0
1417923760305641	1	0	0	922	76	0.996068
1417923761313406	1	0	0	921	79	2.97688
1417923762314476	1	0	0	921	79	0
1417923763322302	1	0	0	921	79	0
1417923764328970	1	0	0	921	79	0
1417923765332553	1	0	0	921	79	0
1417923766333529	1	0	0	921	79	0
1417923767338656	1	0	0	919	80	0.994899
1417923768341361	1	0	0	918	81	0.997302
1417923769345329	1	0	0	918	81	0
1417923770347159	1	0	0	917	81	0
1417923771351307	1	0	0	917	82	0.995869
1417923772353182	1	0	0	917	82	0
1417923773354115	1	0	0	913	85	2.9972
1417923774357476	1	0	0	911	86	0.99665
1417923775359357	1	0	0	911	87	0.998123
1417923776362701	1	0	0	910	88	0.996667
1417923777364777	1	0	0	910	88	0
1417923778365833	1	0	0	910	88	0
1417923779366867	1	0	0	905	93	4.99484
1417923780373185	1	0	0	904	94	0.993722
1417923781382457	1	0	0	904	94	0
1417923782384863	1	0	0	904	94	0
1417923783386017	1	0	0	903	95	0.998847
1417923784387158	1	0	0	903	95	0
1417923785389098	1	0	0	903	98	2.99419
1417923786399271	1	0	0	903	98	0
1417923787400373	1	0	0	903	98	0
1417923788404746	1	0	0	903	98	0
1417923789405698	1	0	0	903	98	0
1417923790417462	1	0	0	903	98	0
1417923791418977	1	0	0	903	98	0
1417923792424268	1	0	0	903	98	0
1417923793426300	1	0	0	903	98	0
1417923794432292	1	0	0	903	98	0
1417923795437050	1	0	0	903	98	0
1417923796438809	1	0	0	903	98	0
1417923797444630	1	0	0	903	98	0
1417923798452183	1	0	0	903	98	0
1417923799453460	1	0	0	903	98	0
1417923800455730	1	0	0	903	98	0
1417923801456630	1	0	0	903	98	0
1417923802459600	1	0	0	903	98	0
1417923803464325	1	0	0	903	98	0
1417923804465582	1	0	0	903	98	0
1417923805472356	1	0	0	903	98	0
1417923806481331	1	0	0	903	98	0
1417923807482402	1	0	0	903	98	0
1417923808492158	1	0	0	903	98	0
1417923809493575	1	0	0	903	98	0
1417923810500316	1	0	0	903	98	0
1417923811501486	1	0	0	903	98	0
1417923812516269	1	0	0	903	98	0
1417923813517263	1	0	0	903	98	0
1417923814524297	1	0	0	903	98	0
1417923815525840	1	0	0	903	98	0
1417923816532262	1	0	0	903	98	0
1417923817533529	1	0	0	903	98	0
1417923818534482	1	0	0	903	98	0
1417923819540296	1	0	0	903	98	0
1417923820541234	1	0	0	903	98	0
1417923821542318	1	0	0	903	98	0
1417923822543504	1	0	0	903	98	0
1417923823544493	1	0	0	903	98	0
1417923824545530	1	0	0	903	98	0
1417923825546635	1	0	0	903	98	0
1417923826552604	1	0	0	903	98	0
1417923827555106	1	0	0	903	98	0
1417923828556100	1	0	0	903	98	0
1417923829564110	1	0	0	903	98	0
1417923830566221	1	0	0	903	98	0
1417923831567447	1	0	0	903	98	0
1417923832576300	1	0	0	903	98	0
1417923833580301	1	0	0	903	98	0
1417923834581563	1	0	0	903	98	0
1417923835592503	1	0	0	903	98	0
1417923836593504	1	0	0	903	98	0
1417923837596490	1	0	0	903	98	0
1417923838600269	1	0	0	903	98	0
1417923839602860	1	0	0	903	98	0
1417923840617566	1	0	0	903	98	0
1417923841625135	1	0	0	903	98	0
1417923842632616	1	0	0	903	98	0
1417923843633592	1	0	0	903	98	0
1417923844637168	1	0	0	903	98	0
1417923845639848	1	0	0	903	98	0
1417923846644760	1	0	0	903	98	0
1417923847652388	1	0	0	903	98	0
1417923848653493	1	0	0	903	98	0
1417923849661162	1	0	0	903	98	0
1417923850663082	1	0	0	903	98	0
1417923851666115	1	0	0	903	98	0
1417923852667194	1	0	0	903	98	0
1417923853677090	1	0	0	903	98	0
1417923854685254	1	0	0	903	98	0
1417923855687245	1	0	0	903	98	0
1417923856688215	1	0	0	903	98	0
1417923857698719	1	0	0	903	98	0
1417923858701888	1	0	0	903	98	0
1417923859708884	1	0	0	903	98	0
1417923860712047	1	0	0	903	98	0
1417923861719911	1	0	0	903	98	0
1417923862724287	1	0	0	903	98	0
1417923863725545	1	0	0	903	98	0
1417923864736205	1	0	0	900	100	1.9789
1417923865737593	1	0	0	900	100	0
1417923866748108	1	0	0	900	100	0
1417923867756254	1	0	0	900	100	0
1417923868758511	1	0	0	900	100	0
1417923869759541	1	0	0	900	100	0
1417923870760507	1	0	0	900	100	0
1417923871762135	1	0	0	900	100	0
1417923872772324	1	0	0	900	100	0
1417923873773948	1	0	0	900	100	0
1417923874776519	1	0	0	900	100	0
1417923875784247	1	0	0	900	100	0
1417923876788260	1	0	0	898	100	0
1417923877792400	1	0	0	898	100	0
1417923878797230	1	0	0	898	100	0
1417923879805318	1	0	0	898	100	0
1417923880812326	1	0	0	898	100	0
1417923881825293	1	0	0	898	100	0
1417923882828491	1	0	0	898	100	0
1417923883829413	1	0	0	898	100	0
1417923884832405	1	0	0	898	100	0
1417923885840202	1	0	0	898	100	0
1417923886841443	1	0	0	898	100	0
1417923887842374	1	0	0	898	100	0
1417923888848299	1	0	0	898	100	0
1417923889852309	1	0	0	898	100	0
1417923890856455	1	0	0	898	100	0
1417923891857664	1	0	0	898	100	0
1417923892864243	1	0	0	898	100	0
1417923893865173	1	0	0	898	100	0
1417923894866128	1	0	0	898	100	0
1417923895874199	1	0	0	898	100	0
1417923896878111	1	0	0	898	100	0
1417923897882807	1	0	0	897	102	1.99065
1417923898888140	1	0	0	897	102	0
1417923899889083	1	0	0	897	102	0
1417923900890700	1	0	0	897	102	0
1417923901896504	1	0	0	897	102	0
1417923902899551	1	0	0	897	102	0
1417923903908524	1	0	0	897	102	0
1417923904920885	1	0	0	897	102	0
1417923905932287	1	0	0	897	102	0
1417923906934450	1	0	0	897	102	0
1417923907945250	1	0	0	897	102	0
1417923908956605	1	0	0	897	102	0
1417923909958133	1	0	0	897	102	0
1417923910959064	1	0	0	897	102	0
1417923911960087	1	0	0	897	102	0
1417923912964295	1	0	0	897	102	0
1417923913965509	1	0	0	897	102	0
1417923914973202	1	0	0	897	102	0
1417923915980520	1	0	0	897	102	0
1417923916981430	1	0	0	897	102	0
1417923917992325	1	0	0	897	102	0
1417923918997135	1	0	0	897	102	0
1417923920004239	1	0	0	897	102	0
1417923921009526	1	0	0	897	102	0
1417923922012562	1	0	0	897	102	0
1417923923016546	1	0	0	897	102	0
1417923924017427	1	0	0	897	102	0
1417923925024284	1	0	0	897	102	0
1417923926025243	1	0	0	897	102	0
1417923927028115	1	0	0	897	102	0
1417923928033153	1	0	0	897	102	0
1417923929034021	1	0	0	897	102	0
1417923930034936	1	0	0	897	102	0
1417923931048309	1	0	0	897	102	0
1417923932049510	1	0	0	897	102	0
1417923933057002	1	0	0	897	102	0
1417923934060211	1	0	0	897	102	0
1417923935061495	1	0	0	897	102	0
1417923936062427	1	0	0	897	102	0
1417923937068279	1	0	0	897	102	0
1417923938069748	1	0	0	897	102	0
1417923939076563	1	0	0	897	102	0
1417923940084368	1	0	0	897	102	0
1417923941088464	1	0	0	897	102	0
1417923942089346	1	0	0	897	102	0
1417923943090244	1	0	0	897	102	0
1417923944093199	1	0	0	897	102	0
1417923945096579	1	0	0	897	102	0
1417923946101352	1	0	0	897	102	0
1417923947108252	1	0	0	897	102	0
1417923948112008	1	0	0	897	102	0
1417923949112901	1	0	0	897	102	0
1417923950120382	1	0	0	897	102	0
1417923951124279	1	0	0	897	102	0
1417923952133072	1	0	0	897	102	0
1417923953134638	1	0	0	896	102	0
1417923954148409	1	0	0	896	103	0.986416
1417923955150458	1	0	0	896	103	0
1417923956155122	1	0	0	896	103	0
1417923957165243	1	0	0	896	103	0
1417923958172267	1	0	0	896	103	0
1417923959180210	1	0	0	896	103	0
1417923960181527	1	0	0	896	103	0
1417923961197360	1	0	0	896	103	0
1417923962199103	1	0	0	896	103	0
1417923963204495	1	0	0	896	103	0
1417923964213112	1	0	0	896	103	0
1417923965220288	1	0	0	896	103	0
1417923966224425	1	0	0	896	103	0
1417923967236319	1	0	0	896	103	0
1417923968244265	1	0	0	896	103	0
1417923969246035	1	0	0	896	103	0
1417923970256889	1	0	0	896	103	0
1417923971258864	1	0	0	895	104	0.998029
1417923972263107	1	0	0	895	104	0
1417923973264971	1	0	0	895	104	0
1417923974265965	1	0	0	895	104	0
1417923975272287	1	0	0	895	104	0
1417923976280234	1	0	0	895	104	0
1417923977282080	1	0	0	895	104	0
1417923978288260	1	0	0	895	104	0
1417923979292925	1	0	0	895	104	0
1417923980294228	1	0	0	895	104	0
1417923981305122	1	0	0	895	104	0
1417923982310398	1	0	0	895	104	0
1417923983316861	1	0	0	895	104	0
1417923984324161	1	0	0	895	104	0
1417923985328378	1	0	0	892	106	1.9916
1417923986330053	1	0	0	892	106	0
1417923987336253	1	0	0	892	106	0
1417923988337246	1	0	0	892	106	0
1417923989338289	1	0	0	892	106	0
1417923990344235	1	0	0	892	106	0
1417923991346340	1	0	0	892	106	0
1417923992347779	1	0	0	892	106	0
1417923993360086	1	0	0	892	106	0
1417923994362169	1	0	0	892	106	0
1417923995371439	1	0	0	892	106	0
1417923996376288	1	0	0	892	106	0
1417923997384267	1	0	0	892	106	0
1417923998392717	1	0	0	892	106	0
1417923999394731	1	0	0	892	106	0
1417924000400482	1	0	0	892	106	0
1417924001403226	1	0	0	892	106	0
1417924002409617	1	0	0	892	106	0
1417924003410874	1	0	0	892	106	0
1417924004416281	1	0	0	892	106	0
1417924005424392	1	0	0	892	106	0
1417924006428550	1	0	0	892	106	0
1417924007433308	1	0	0	892	106	0
1417924008441495	1	0	0	892	106	0
1417924009452348	1	0	0	892	106	0
1417924010453353	1	0	0	892	106	0
1417924011457310	1	0	0	892	106	0
1417924012468416	1	0	0	892	106	0
1417924013480252	1	0	0	892	106	0
1417924014481512	1	0	0	892	106	0
1417924015485276	1	0	0	892	106	0
1417924016486374	1	0	0	892	106	0
1417924017493908	1	0	0	892	106	0
1417924018497249	1	0	0	892	106	0
1417924019507032	1	0	0	892	106	0
1417924020516338	1	0	0	892	106	0
1417924021524381	1	0	0	892	106	0
1417924022528455	1	0	0	892	106	0
1417924023532255	1	0	0	892	106	0
1417924024533684	1	0	0	892	106	0
1417924025534717	1	0	0	892	106	0
1417924026540244	1	0	0	892	106	0
1417924027548245	1	0	0	892	106	0
1417924028552343	1	0	0	892	106	0
1417924029561037	1	0	0	892	106	0
1417924030563091	1	0	0	892	106	0
1417924031568289	1	0	0	892	106	0
1417924032569226	1	0	0	892	106	0
1417924033570154	1	0	0	892	106	0
1417924034580284	1	0	0	892	106	0
1417924035581458	1	0	0	891	107	0.998827
1417924036582486	1	0	0	891	107	0
1417924037589417	1	0	0	891	107	0
1417924038593005	1	0	0	891	107	0
1417924039600237	1	0	0	891	107	0
1417924040602143	1	0	0	891	107	0
1417924041609420	1	0	0	891	107	0
1417924042616433	1	0	0	891	107	0
1417924043621222	1	0	0	891	107	0
1417924044624355	1	0	0	891	107	0
1417924045625790	1	0	0	891	107	0
1417924046629040	1	0	0	891	107	0
1417924047632759	1	0	0	891	107	0
1417924048636274	1	0	0	891	107	0
1417924049637213	1	0	0	891	107	0
1417924050640265	1	0	0	891	107	0
1417924051649181	1	0	0	891	107	0
1417924052650245	1	0	0	891	107	0
1417924053657426	1	0	0	891	107	0
1417924054661039	1	0	0	891	107	0
1417924055662029	1	0	0	891	107	0
1417924056669304	1	0	0	891	107	0
1417924057672346	1	0	0	891	107	0
1417924058677041	1	0	0	891	107	0
1417924059681181	1	0	0	891	107	0
1417924060682253	1	0	0	891	107	0
1417924061688266	1	0	0	891	107	0
1417924062689231	1	0	0	891	107	0
1417924063693138	1	0	0	891	107	0
1417924064695127	1	0	0	891	107	0
1417924065701350	1	0	0	891	107	0
1417924066704993	1	0	0	891	107	0
1417924067705993	1	0	0	891	107	0
1417924068709301	1	0	0	891	107	0
1417924069710788	1	0	0	891	107	0
1417924070716294	1	0	0	891	107	0
1417924071717195	1	0	0	891	107	0
1417924072718976	1	0	0	891	107	0
1417924073724265	1	0	0	891	107	0
1417924074725473	1	0	0	891	108	0.998793
1417924075726531	1	0	0	891	108	0
1417924076732569	1	0	0	891	108	0
1417924077740282	1	0	0	891	108	0
1417924078741944	1	0	0	891	108	0
1417924079744443	1	0	0	891	108	0
1417924080749219	1	0	0	891	108	0
1417924081750239	1	0	0	891	108	0
1417924082751576	1	0	0	891	108	0
1417924083756170	1	0	0	891	108	0
1417924084758199	1	0	0	891	108	0
1417924085759095	1	0	0	891	108	0
1417924086760104	1	0	0	891	108	0
1417924087761024	1	0	0	891	108	0
1417924088762163	1	0	0	891	108	0
1417924089763453	1	0	0	891	108	0
1417924090768958	1	0	0	891	108	0
1417924091776316	1	0	0	890	109	0.992696
1417924092777338	1	0	0	890	109	0
1417924093778514	1	0	0	890	109	0
1417924094780295	1	0	0	889	113	3.99289
1417924095783751	1	0	0	889	113	0
1417924096785625	1	0	0	889	113	0
1417924097792591	1	0	0	889	113	0
1417924098793590	1	0	0	889	113	0
1417924099797092	1	0	0	889	113	0
1417924100799679	1	0	0	889	113	0
1417924101804616	1	0	0	885	113	0
1417924102809482	1	0	0	885	113	0
1417924103810538	1	0	0	885	113	0
1417924104811498	1	0	0	885	113	0
1417924105813181	1	0	0	885	113	0
1417924106820942	1	0	0	885	113	0
1417924107823069	1	0	0	885	113	0
1417924108824407	1	0	0	885	113	0
1417924109828484	1	0	0	885	113	0
1417924110836306	1	0	0	885	113	0
1417924111844280	1	0	0	885	113	0
1417924112853140	1	0	0	885	113	0
1417924113859262	1	0	0	885	113	0
1417924114864352	1	0	0	885	113	0
1417924115873083	1	0	0	885	113	0
1417924116881151	1	0	0	885	113	0
1417924117883131	1	0	0	885	113	0
1417924118888283	1	0	0	884	115	1.98975
1417924119892353	1	0	0	882	116	0.995946
1417924120893266	1	0	0	882	116	0
1417924121894202	1	0	0	882	116	0
1417924122900205	1	0	0	882	116	0
1417924123908299	1	0	0	882	116	0
1417924124910044	1	0	0	882	116	0
1417924125913212	1	0	0	882	116	0
1417924126914181	1	0	0	882	116	0
1417924127915118	1	0	0	882	116	0
1417924128917952	1	0	0	882	116	0
1417924129928388	1	0	0	882	116	0
1417924130933853	1	0	0	882	117	0.994565
1417924131941515	1	0	0	882	117	0
1417924132942543	1	0	0	882	117	0
1417924133956418	1	0	0	880	119	1.97263
1417924134958340	1	0	0	880	119	0
1417924135959537	1	0	0	880	119	0
1417924136964089	1	0	0	880	119	0
1417924137965015	1	0	0	876	123	3.9963
1417924138969367	1	0	0	875	124	0.995667
1417924139973360	1	0	0	874	124	0
1417924140980291	1	0	0	874	124	0
1417924141985177	1	0	0	874	124	0
1417924142997358	1	0	0	874	124	0
1417924143998522	1	0	0	874	124	0
1417924145008392	1	0	0	874	124	0
1417924146012442	1	0	0	874	124	0
1417924147020609	1	0	0	874	124	0
1417924148024270	1	0	0	874	124	0
1417924149028378	1	0	0	874	124	0
1417924150032337	1	0	0	874	124	0
1417924151036285	1	0	0	874	124	0
1417924152037844	1	0	0	874	124	0
1417924153047175	1	0	0	874	124	0
1417924154052476	1	0	0	874	124	0
1417924155056291	1	0	0	874	124	0
1417924156060330	1	0	0	874	124	0
1417924157061304	1	0	0	874	124	0
1417924158065199	1	0	0	874	124	0
1417924159068665	1	0	0	874	124	0
1417924160076326	1	0	0	874	124	0
1417924161081035	1	0	0	874	124	0
1417924162088130	1	0	0	874	124	0
1417924163094966	1	0	0	874	124	0
1417924164095953	1	0	0	874	124	0
1417924165096902	1	0	0	874	124	0
1417924166104441	1	0	0	874	124	0
1417924167109255	1	0	0	874	124	0
1417924168110208	1	0	0	874	124	0
1417924169114509	1	0	0	874	124	0
1417924170120279	1	0	0	874	124	0
1417924171128296	1	0	0	874	124	0
1417924172129575	1	0	0	874	124	0
1417924173130637	1	0	0	874	124	0
1417924174134726	1	0	0	874	124	0
1417924175135668	1	0	0	874	124	0
1417924176144217	1	0	0	874	124	0
1417924177145256	1	0	0	874	125	0.998962
1417924178152261	1	0	0	874	125	0
1417924179156334	1	0	0	874	125	0
1417924180161367	1	0	0	874	125	0
1417924181168179	1	0	0	874	125	0
1417924182173050	1	0	0	874	125	0
1417924183177213	1	0	0	874	125	0
1417924184184265	1	0	0	874	125	0
1417924185185966	1	0	0	874	125	0
1417924186192169	1	0	0	873	126	0.993835
1417924187195068	1	0	0	872	126	0
1417924188201365	1	0	0	872	126	0
1417924189204202	1	0	0	872	126	0
1417924190212146	1	0	0	872	126	0
1417924191221260	1	0	0	872	126	0
1417924192228314	1	0	0	872	126	0
1417924193234676	1	0	0	872	126	0
1417924194240286	1	0	0	872	126	0
1417924195248252	1	0	0	872	126	0
1417924196259488	1	0	0	872	126	0
1417924197268239	1	0	0	872	126	0
1417924198280435	1	0	0	872	126	0
1417924199281697	1	0	0	872	126	0
1417924200292321	1	0	0	872	126	0
1417924201296283	1	0	0	872	126	0
1417924202301059	1	0	0	872	126	0
1417924203309246	1	0	0	872	126	0
1417924204317295	1	0	0	872	127	0.992015
1417924205325060	1	0	0	872	127	0
1417924206332203	1	0	0	872	127	0
1417924207333451	1	0	0	872	127	0
1417924208337252	1	0	0	871	128	0.996213
1417924209338477	1	0	0	871	128	0
1417924210357121	1	0	0	871	128	0
1417924211364137	1	0	0	871	128	0
1417924212365199	1	0	0	871	128	0
1417924213372503	1	0	0	871	128	0
1417924214374522	1	0	0	871	128	0
1417924215380096	1	0	0	871	128	0
1417924216381692	1	0	0	871	128	0
1417924217383007	1	0	0	871	128	0
1417924218392393	1	0	0	871	128	0
1417924219409383	1	0	0	871	128	0
1417924220411084	1	0	0	871	128	0
1417924221414730	1	0	0	871	128	0
1417924222416037	1	0	0	871	128	0
1417924223417007	1	0	0	871	128	0
1417924224424313	1	0	0	871	128	0
1417924225428220	1	0	0	871	128	0
1417924226436259	1	0	0	871	128	0
1417924227437980	1	0	0	871	128	0
1417924228444428	1	0	0	871	128	0
1417924229452874	1	0	0	871	128	0
1417924230456344	1	0	0	871	128	0
1417924231461127	1	0	0	871	128	0
1417924232463120	1	0	0	868	131	2.99403
1417924233469953	1	0	0	868	131	0
1417924234479938	1	0	0	868	131	0
1417924235487343	1	0	0	868	131	0
1417924236489727	1	0	0	868	131	0
1417924237491748	1	0	0	868	131	0
1417924238496967	1	0	0	868	131	0
1417924239503355	1	0	0	868	131	0
1417924240509280	1	0	0	868	131	0
1417924241521372	1	0	0	868	131	0
1417924242522433	1	0	0	868	131	0
1417924243530434	1	0	0	868	131	0
1417924244540317	1	0	0	868	131	0
1417924245544282	1	0	0	868	131	0
1417924246548940	1	0	0	868	131	0
1417924247560371	1	0	0	868	131	0
1417924248565148	1	0	0	868	131	0
1417924249569450	1	0	0	868	131	0
1417924250576318	1	0	0	868	131	0
1417924251587221	1	0	0	868	131	0
1417924252588316	1	0	0	868	131	0
1417924253595821	1	0	0	868	131	0
1417924254596956	1	0	0	868	131	0
1417924255605491	1	0	0	868	131	0
1417924256611999	1	0	0	868	131	0
1417924257616756	1	0	0	868	131	0
1417924258623917	1	0	0	868	131	0
1417924259625836	1	0	0	868	131	0
1417924260632411	1	0	0	868	131	0
1417924261637168	1	0	0	868	131	0
1417924262645357	1	0	0	868	131	0
1417924263646321	1	0	0	868	131	0
1417924264652119	1	0	0	868	131	0
1417924265653522	1	0	0	868	131	0
1417924266654440	1	0	0	868	131	0
1417924267655406	1	0	0	868	131	0
1417924268660424	1	0	0	868	131	0
1417924269668267	1	0	0	868	131	0
1417924270676261	1	0	0	868	131	0
1417924271684623	1	0	0	868	131	0
1417924272692251	1	0	0	868	131	0
1417924273693139	1	0	0	868	131	0
1417924274694030	1	0	0	868	131	0
1417924275696528	1	0	0	868	131	0
1417924276701056	1	0	0	868	131	0
1417924277708481	1	0	0	868	131	0
1417924278709437	1	0	0	868	131	0
1417924279716299	1	0	0	868	131	0
1417924280717257	1	0	0	868	131	0
1417924281724231	1	0	0	868	131	0
1417924282732263	1	0	0	868	131	0
1417924283736995	1	0	0	868	131	0
1417924284738833	1	0	0	868	131	0
1417924285744457	1	0	0	868	131	0
1417924286745313	1	0	0	868	131	0
1417924287752263	1	0	0	868	131	0
1417924288754509	1	0	0	868	131	0
1417924289757777	1	0	0	868	131	0
1417924290760240	1	0	0	868	131	0
1417924291761395	1	0	0	868	131	0
1417924292763463	1	0	0	868	131	0
1417924293764625	1	0	0	868	131	0
1417924294765542	1	0	0	868	131	0
1417924295768382	1	0	0	868	131	0
1417924296772911	1	0	0	868	131	0
1417924297777202	1	0	0	868	131	0
1417924298778232	1	0	0	868	131	0
1417924299779241	1	0	0	868	131	0
1417924300780534	1	0	0	868	131	0
1417924301785248	1	0	0	868	131	0
1417924302787198	1	0	0	868	131	0
1417924303792884	1	0	0	868	131	0
1417924304797123	1	0	0	868	131	0
1417924305801137	1	0	0	868	131	0
1417924306802085	1	0	0	867	132	0.999053
1417924307803119	1	0	0	867	132	0
1417924308804111	1	0	0	867	132	0
1417924309812362	1	0	0	867	132	0
1417924310813376	1	0	0	867	132	0
1417924311819928	1	0	0	867	132	0
1417924312821853	1	0	0	867	132	0
1417924313831615	1	0	0	867	132	0
1417924314833125	1	0	0	867	132	0
1417924315842096	1	0	0	865	134	1.98222
1417924316848973	1	0	0	865	134	0
1417924317861119	1	0	0	865	134	0
1417924318863276	1	0	0	865	134	0
1417924319869327	1	0	0	865	134	0
1417924320877031	1	0	0	865	134	0
1417924321878959	1	0	0	865	134	0
1417924322888320	1	0	0	865	134	0
1417924323895085	1	0	0	865	134	0
1417924324904361	1	0	0	865	134	0
1417924325908338	1	0	0	865	134	0
1417924326911536	1	0	0	865	134	0
1417924327920300	1	0	0	865	134	0
1417924328929022	1	0	0	865	134	0
1417924329940130	1	0	0	865	134	0
1417924330952332	1	0	0	865	134	0
1417924331954117	1	0	0	865	134	0
1417924332956238	1	0	0	865	134	0
1417924333969112	1	0	0	865	134	0
1417924334971502	1	0	0	865	134	0
1417924335973711	1	0	0	865	134	0
1417924336979559	1	0	0	865	134	0
1417924337980552	1	0	0	862	137	2.99702
1417924338981554	1	0	0	862	137	0
1417924339988565	1	0	0	862	137	0
1417924340989469	1	0	0	862	137	0
1417924341993046	1	0	0	862	137	0
1417924343002026	1	0	0	862	137	0
1417924344008756	1	0	0	862	137	0
1417924345013356	1	0	0	862	137	0
1417924346019648	1	0	0	862	137	0
1417924347026094	1	0	0	862	137	0
1417924348033316	1	0	0	862	137	0
1417924349036992	1	0	0	862	137	0
1417924350040264	1	0	0	862	137	0
1417924351044475	1	0	0	862	137	0
1417924352052570	1	0	0	862	137	0
1417924353056882	1	0	0	862	137	0
1417924354064246	1	0	0	862	137	0
1417924355067255	1	0	0	862	137	0
1417924356086925	1	0	0	862	137	0
1417924357087883	1	0	0	861	137	0
1417924358092239	1	0	0	859	140	2.98699
1417924359093439	1	0	0	858	140	0
1417924360104020	1	0	0	858	140	0
1417924361110357	1	0	0	858	140	0
1417924362112431	1	0	0	858	140	0
1417924363118362	1	0	0	858	140	0
1417924364127651	1	0	0	858	140	0
1417924365148909	1	0	0	858	140	0
1417924366149951	1	0	0	848	150	9.98959
1417924367153368	1	0	0	847	152	1.99319
1417924368156462	1	0	0	847	152	0
1417924369168314	1	0	0	847	152	0
1417924370178035	1	0	0	847	152	0
1417924371184360	1	0	0	847	152	0
1417924372192468	1	0	0	847	152	0
1417924373196346	1	0	0	847	152	0
1417924374204375	1	0	0	847	152	0
1417924375205490	1	0	0	847	152	0
1417924376212433	1	0	0	847	152	0
1417924377213502	1	0	0	847	152	0
1417924378220504	1	0	0	847	152	0
1417924379221780	1	0	0	847	152	0
1417924380233244	1	0	0	847	152	0
1417924381234315	1	0	0	845	153	0.99893
1417924382236131	1	0	0	845	153	0
1417924383244260	1	0	0	845	153	0
1417924384245423	1	0	0	845	153	0
1417924385246392	1	0	0	845	153	0
1417924386252848	1	0	0	845	153	0
1417924387253825	1	0	0	845	153	0
1417924388260276	1	0	0	845	153	0
1417924389261591	1	0	0	845	153	0
1417924390268226	1	0	0	845	153	0
1417924391269852	1	0	0	845	153	0
1417924392270834	1	0	0	845	153	0
1417924393276579	1	0	0	845	153	0
1417924394278169	1	0	0	845	153	0
1417924395288314	1	0	0	845	153	0
1417924396296139	1	0	0	845	153	0
1417924397300051	1	0	0	845	153	0
1417924398304479	1	0	0	845	153	0
1417924399305446	1	0	0	845	153	0
1417924400306568	1	0	0	845	153	0
1417924401307466	1	0	0	845	153	0
1417924402309164	1	0	0	845	153	0
1417924403316273	1	0	0	845	153	0
1417924404321249	1	0	0	845	153	0
1417924405322508	1	0	0	845	153	0
1417924406327200	1	0	0	845	153	0
1417924407329463	1	0	0	845	153	0
1417924408336289	1	0	0	845	153	0
1417924409341200	1	0	0	845	153	0
1417924410348202	1	0	0	845	153	0
1417924411349473	1	0	0	845	153	0
1417924412350424	1	0	0	845	153	0
1417924413351456	1	0	0	845	153	0
1417924414352420	1	0	0	845	153	0
1417924415360250	1	0	0	845	153	0
1417924416361376	1	0	0	845	153	0
1417924417362340	1	0	0	845	153	0
1417924418368157	1	0	0	845	153	0
1417924419368930	1	0	0	845	153	0
1417924420370905	1	0	0	845	153	0
1417924421371936	1	0	0	845	153	0
1417924422372936	1	0	0	845	153	0
1417924423380281	1	0	0	845	153	0
1417924424384399	1	0	0	845	153	0
1417924425389264	1	0	0	845	153	0
1417924426396301	1	0	0	845	153	0
1417924427404373	1	0	0	845	153	0
1417924428405980	1	0	0	845	153	0
1417924429407008	1	0	0	845	153	0
1417924430408014	1	0	0	845	153	0
1417924431412892	1	0	0	845	153	0
1417924432413854	1	0	0	845	153	0
1417924433414938	1	0	0	845	153	0
1417924434420826	1	0	0	845	153	0
1417924435421981	1	0	0	845	153	0
1417924436428451	1	0	0	845	153	0
1417924437433112	1	0	0	845	153	0
1417924438434400	1	0	0	845	153	0
1417924439435431	1	0	0	845	153	0
1417924440436506	1	0	0	845	153	0
1417924441437453	1	0	0	845	153	0
1417924442444271	1	0	0	845	153	0
1417924443453327	1	0	0	845	153	0
1417924444455322	1	0	0	845	153	0
1417924445457146	1	0	0	845	153	0
1417924446459176	1	0	0	845	153	0
1417924447469330	1	0	0	845	153	0
1417924448470478	1	0	0	845	153	0
1417924449477064	1	0	0	845	153	0
1417924450485469	1	0	0	845	153	0
1417924451492926	1	0	0	845	153	0
1417924452500161	1	0	0	845	153	0
1417924453508281	1	0	0	845	153	0
1417924454509227	1	0	0	845	153	0
1417924455516282	1	0	0	845	153	0
1417924456517224	1	0	0	845	153	0
1417924457521143	1	0	0	845	153	0
1417924458534700	1	0	0	845	153	0
1417924459544563	1	0	0	845	153	0
1417924460554320	1	0	0	845	153	0
1417924461560234	1	0	0	845	154	0.994121
1417924462563650	1	0	0	845	154	0
1417924463572269	1	0	0	845	154	0
1417924464578458	1	0	0	845	154	0
1417924465584438	1	0	0	845	154	0
1417924466585378	1	0	0	845	154	0
1417924467589688	1	0	0	845	154	0
1417924468601661	1	0	0	844	155	0.988169
1417924469605051	1	0	0	844	155	0
1417924470606134	1	0	0	844	155	0
1417924471612620	1	0	0	843	155	0
1417924472615562	1	0	0	843	155	0
1417924473617570	1	0	0	843	155	0
1417924474622978	1	0	0	843	155	0
1417924475625122	1	0	0	843	155	0
1417924476628620	1	0	0	843	155	0
1417924477631428	1	0	0	843	155	0
1417924478632549	1	0	0	843	155	0
1417924479634100	1	0	0	843	155	0
1417924480637405	1	0	0	843	155	0
1417924481638802	1	0	0	842	156	0.998605
1417924482639819	1	0	0	842	156	0
1417924483648089	1	0	0	842	156	0
1417924484649703	1	0	0	842	156	0
1417924485657469	1	0	0	842	156	0
1417924486664248	1	0	0	842	156	0
1417924487666070	1	0	0	842	156	0
1417924488668173	1	0	0	842	156	0
1417924489677038	1	0	0	842	157	0.991213
1417924490678108	1	0	0	842	157	0
1417924491678996	1	0	0	842	157	0
1417924492681957	1	0	0	842	157	0
1417924493682851	1	0	0	842	157	0
1417924494686710	1	0	0	841	158	0.996156
1417924495692486	1	0	0	841	158	0
1417924496694317	1	0	0	841	158	0
1417924497700961	1	0	0	839	159	0.9934
1417924498702931	1	0	0	839	159	0
1417924499712531	1	0	0	839	159	0
1417924500714163	1	0	0	839	159	0
1417924501715063	1	0	0	839	160	0.999101
1417924502716013	1	0	0	839	160	0
1417924503717595	1	0	0	839	160	0
1417924504721458	1	0	0	839	160	0
1417924505723310	1	0	0	839	160	0
1417924506728431	1	0	0	839	160	0
1417924507729261	1	0	0	839	160	0
1417924508731145	1	0	0	839	160	0
1417924509733314	1	0	0	839	160	0
1417924510734255	1	0	0	839	160	0
1417924511740241	1	0	0	839	160	0
1417924512748753	1	0	0	839	160	0
1417924513749783	1	0	0	838	160	0
1417924514751966	1	0	0	838	160	0
1417924515752809	1	0	0	838	160	0
1417924516760200	1	0	0	838	160	0
1417924517772308	1	0	0	837	161	0.988037
1417924518776619	1	0	0	834	165	3.98283
1417924519785226	1	0	0	832	166	0.991466
1417924520786209	1	0	0	832	166	0
1417924521794598	1	0	0	832	167	0.991681
1417924522800614	1	0	0	832	167	0
1417924523801792	1	0	0	832	167	0
1417924524805684	1	0	0	831	167	0
1417924525806613	1	0	0	831	167	0
1417924526807552	1	0	0	831	167	0
1417924527814980	1	0	0	831	167	0
1417924528817778	1	0	0	831	167	0
1417924529820249	1	0	0	831	167	0
1417924530821119	1	0	0	831	167	0
1417924531828499	1	0	0	831	167	0
1417924532833323	1	0	0	831	167	0
1417924533840109	1	0	0	831	167	0
1417924534840958	1	0	0	831	167	0
1417924535842470	1	0	0	831	167	0
1417924536847358	1	0	0	831	167	0
1417924537857390	1	0	0	831	167	0
1417924538858424	1	0	0	831	167	0
1417924539859363	1	0	0	831	167	0
1417924540868547	1	0	0	831	167	0
1417924541869610	1	0	0	831	167	0
1417924542870738	1	0	0	831	167	0
1417924543875737	1	0	0	831	167	0
1417924544880569	1	0	0	831	167	0
1417924545885361	1	0	0	831	167	0
1417924546892963	1	0	0	831	167	0
1417924547893888	1	0	0	831	167	0
1417924548900583	1	0	0	831	167	0
1417924549901476	1	0	0	831	167	0
1417924550908355	1	0	0	831	167	0
1417924551916264	1	0	0	831	167	0
1417924552920527	1	0	0	831	167	0
1417924553928270	1	0	0	831	167	0
1417924554932509	1	0	0	831	167	0
1417924555940293	1	0	0	831	167	0
1417924556942023	1	0	0	831	167	0
1417924557942959	1	0	0	831	167	0
1417924558943989	1	0	0	831	167	0
1417924559949100	1	0	0	831	167	0
1417924560957244	1	0	0	831	167	0
1417924561964590	1	0	0	831	167	0
1417924562965491	1	0	0	831	167	0
1417924563969029	1	0	0	831	167	0
1417924564971645	1	0	0	831	167	0
1417924565972894	1	0	0	831	167	0
1417924566976249	1	0	0	831	167	0
1417924567978384	1	0	0	831	167	0
1417924568983539	1	0	0	831	167	0
1417924569988834	1	0	0	831	167	0
1417924570992335	1	0	0	830	168	0.996511
1417924571996277	1	0	0	830	168	0
1417924573002535	1	0	0	830	168	0
1417924574008789	1	0	0	830	168	0
1417924575009808	1	0	0	830	168	0
1417924576010959	1	0	0	830	168	0
1417924577016460	1	0	0	830	168	0
1417924578017604	1	0	0	830	168	0
1417924579018517	1	0	0	830	168	0
1417924580019433	1	0	0	829	169	0.999085
1417924581025190	1	0	0	829	169	0
1417924582027524	1	0	0	829	169	0
1417924583028444	1	0	0	829	169	0
1417924584029347	1	0	0	829	169	0
1417924585030376	1	0	0	829	169	0
1417924586033266	1	0	0	829	169	0
1417924587034140	1	0	0	829	169	0
1417924588035801	1	0	0	829	169	0
1417924589041130	1	0	0	829	169	0
1417924590042117	1	0	0	829	169	0
1417924591048238	1	0	0	829	170	0.993916
1417924592050327	1	0	0	829	170	0
1417924593056426	1	0	0	829	170	0
1417924594060285	1	0	0	829	170	0
1417924595064848	1	0	0	829	170	0
1417924596072505	1	0	0	829	170	0
1417924597073378	1	0	0	828	170	0
1417924598074280	1	0	0	827	173	2.9973
1417924599080252	1	0	0	825	173	0
1417924600084408	1	0	0	825	173	0
1417924601092262	1	0	0	825	173	0
1417924602096298	1	0	0	825	173	0
1417924603098305	1	0	0	824	174	0.997997
1417924604099814	1	0	0	824	177	2.99548
1417924605104206	1	0	0	824	177	0
1417924606106055	1	0	0	821	178	0.998154
1417924607106971	1	0	0	821	178	0
1417924608112531	1	0	0	821	178	0
1417924609113386	1	0	0	821	178	0
1417924610115546	1	0	0	821	178	0
1417924611116619	1	0	0	820	179	0.998928
1417924612120264	1	0	0	820	179	0
1417924613128274	1	0	0	820	179	0
1417924614132291	1	0	0	820	179	0
1417924615134209	1	0	0	820	179	0
1417924616140227	1	0	0	820	179	0
1417924617144411	1	0	0	820	179	0
1417924618145395	1	0	0	820	179	0
1417924619146295	1	0	0	820	179	0
1417924620147225	1	0	0	820	179	0
1417924621153030	1	0	0	820	179	0
1417924622153988	1	0	0	820	179	0
1417924623161289	1	0	0	820	179	0
1417924624168561	1	0	0	820	179	0
1417924625176996	1	0	0	819	181	1.98327
1417924626182860	1	0	0	819	181	0
1417924627188287	1	0	0	819	181	0
1417924628191801	1	0	0	816	183	1.993
1417924629193885	1	0	0	816	183	0
1417924630196949	1	0	0	816	183	0
1417924631198637	1	0	0	816	183	0
1417924632204277	1	0	0	816	183	0
1417924633208486	1	0	0	815	185	1.99162
1417924634210291	1	0	0	811	187	1.9964
1417924635217257	1	0	0	811	187	0
1417924636224262	1	0	0	811	187	0
1417924637225341	1	0	0	811	187	0
1417924638226457	1	0	0	811	187	0
1417924639228092	1	0	0	811	187	0
1417924640228998	1	0	0	811	188	0.999095
1417924641236279	1	0	0	811	188	0
1417924642241152	1	0	0	811	188	0
1417924643243051	1	0	0	810	188	0
1417924644245184	1	0	0	810	188	0
1417924645247422	1	0	0	810	188	0
1417924646248352	1	0	0	810	188	0
1417924647252221	1	0	0	810	188	0
1417924648253101	1	0	0	810	189	0.999121
1417924649254074	1	0	0	809	190	0.999028
1417924650260211	1	0	0	809	190	0
1417924651268558	1	0	0	809	190	0
1417924652272504	1	0	0	809	190	0
1417924653273372	1	0	0	808	191	0.999133
1417924654281136	1	0	0	806	192	0.992296
1417924655289392	1	0	0	806	192	0
1417924656290622	1	0	0	806	192	0
1417924657295110	1	0	0	806	192	0
1417924658296390	1	0	0	806	193	0.998722
1417924659304230	1	0	0	806	193	0
1417924660306340	1	0	0	805	193	0
1417924661309158	1	0	0	805	193	0
1417924662310833	1	0	0	805	193	0
1417924663312565	1	0	0	805	193	0
1417924664316535	1	0	0	805	193	0
1417924665324518	1	0	0	805	193	0
1417924666326393	1	0	0	805	193	0
1417924667327370	1	0	0	805	193	0
1417924668328501	1	0	0	805	193	0
1417924669337450	1	0	0	805	193	0
1417924670344368	1	0	0	804	194	0.99313
1417924671345507	1	0	0	804	194	0
1417924672352260	1	0	0	804	194	0
1417924673360214	1	0	0	804	195	0.992109
1417924674368407	1	0	0	802	196	0.991874
1417924675373220	1	0	0	802	196	0
1417924676375079	1	0	0	802	196	0
1417924677377285	1	0	0	802	196	0
1417924678378374	1	0	0	802	196	0
1417924679385131	1	0	0	802	196	0
1417924680387206	1	0	0	802	196	0
1417924681392282	1	0	0	802	196	0
1417924682393172	1	0	0	802	196	0
1417924683394988	1	0	0	802	196	0
1417924684396591	1	0	0	802	196	0
1417924685397627	1	0	0	802	196	0
1417924686403511	1	0	0	800	198	1.9883
1417924687404882	1	0	0	799	199	0.998631
1417924688409268	1	0	0	798	200	0.995633
1417924689411262	1	0	0	798	200	0
1417924690416325	1	0	0	798	200	0
1417924691423294	1	0	0	798	200	0
1417924692425234	1	0	0	798	200	0
1417924693426818	1	0	0	798	201	0.998419
1417924694432411	1	0	0	796	202	0.994438
1417924695433448	1	0	0	796	202	0
1417924696440302	1	0	0	796	202	0
1417924697452402	1	0	0	796	202	0
1417924698456466	1	0	0	796	202	0
1417924699461153	1	0	0	795	203	0.995335
1417924700464249	1	0	0	795	203	0
1417924701465801	1	0	0	795	204	0.99845
1417924702473000	1	0	0	794	205	0.992852
1417924703480279	1	0	0	794	205	0
1417924704484496	1	0	0	794	205	0
1417924705492916	1	0	0	794	205	0
1417924706499673	1	0	0	794	205	0
1417924707509105	1	0	0	793	206	0.990656
1417924708515811	1	0	0	790	208	1.98668
1417924709517785	1	0	0	790	208	0
1417924710525505	1	0	0	790	208	0
1417924711530072	1	0	0	790	208	0
1417924712537582	1	0	0	790	208	0
1417924713538694	1	0	0	790	208	0
1417924714544312	1	0	0	790	208	0
1417924715557741	1	0	0	790	208	0
1417924716564996	1	0	0	790	208	0
1417924717567331	1	0	0	790	208	0
1417924718568737	1	0	0	790	209	0.998596
1417924719569874	1	0	0	790	209	0
1417924720571823	1	0	0	790	209	0
1417924721578099	1	0	0	790	209	0
1417924722585644	1	0	0	790	209	0
1417924723587431	1	0	0	789	211	1.99643
1417924724588458	1	0	0	789	211	0
1417924725589749	1	0	0	787	212	0.998711
1417924726600963	1	0	0	785	213	0.98891
1417924727605006	1	0	0	785	213	0
1417924728609598	1	0	0	785	213	0
1417924729616263	1	0	0	785	213	0
1417924730620308	1	0	0	785	213	0
1417924731624295	1	0	0	785	213	0
1417924732625495	1	0	0	785	213	0
1417924733634311	1	0	0	785	213	0
1417924734641504	1	0	0	785	213	0
1417924735652456	1	0	0	783	215	1.97833
1417924736653671	1	0	0	783	216	0.998786
1417924737660331	1	0	0	783	216	0
1417924738661223	1	0	0	782	216	0
1417924739671706	1	0	0	781	217	0.989626
1417924740679354	1	0	0	780	218	0.99241
1417924741680480	1	0	0	780	220	1.99775
1417924742682393	1	0	0	780	220	0
1417924743683528	1	0	0	780	220	0
1417924744696352	1	0	0	780	220	0
1417924745701195	1	0	0	780	220	0
1417924746708296	1	0	0	780	220	0
1417924747712364	1	0	0	778	222	1.9919
1417924748717134	1	0	0	778	222	0
1417924749724719	1	0	0	776	222	0
1417924750725822	1	0	0	776	222	0
1417924751732343	1	0	0	776	222	0
1417924752737680	1	0	0	776	222	0
1417924753745417	1	0	0	775	224	1.98464
1417924754746381	1	0	0	773	225	0.999037
1417924755747384	1	0	0	773	225	0
1417924756758829	1	0	0	772	228	2.96605
1417924757761222	1	0	0	769	229	0.997613
1417924758762208	1	0	0	769	229	0
1417924759770972	1	0	0	769	229	0
1417924760772999	1	0	0	769	229	0
1417924761782461	1	0	0	769	229	0
1417924762783557	1	0	0	769	230	0.998905
1417924763793008	1	0	0	768	230	0
1417924764794292	1	0	0	763	236	5.99231
1417924765796009	1	0	0	760	239	2.99486
1417924766796937	1	0	0	759	241	1.99815
1417924767799260	1	0	0	757	241	0
1417924768800292	1	0	0	757	241	0
1417924769808432	1	0	0	757	241	0
1417924770816635	1	0	0	757	241	0
1417924771824367	1	0	0	757	241	0
1417924772826377	1	0	0	757	241	0
1417924773827371	1	0	0	757	243	1.99801
1417924774836389	1	0	0	755	245	1.98213
1417924775841434	1	0	0	755	245	0
1417924776848457	1	0	0	755	245	0
1417924777849464	1	0	0	755	245	0
1417924778850556	1	0	0	755	245	0
1417924779860307	1	0	0	752	247	1.98069
1417924780864251	1	0	0	752	247	0
1417924781868270	1	0	0	752	247	0
1417924782870344	1	0	0	751	248	0.99793
1417924783871339	1	0	0	751	248	0
1417924784872713	1	0	0	749	250	1.99726
1417924785880345	1	0	0	749	250	0
1417924786881559	1	0	0	749	250	0
1417924787883149	1	0	0	749	250	0
1417924788884156	1	0	0	747	252	1.99799
1417924789884941	1	0	0	743	256	3.99686
1417924790885995	1	0	0	743	256	0
1417924791886988	1	0	0	743	256	0
1417924792896292	1	0	0	743	256	0
1417924793897543	1	0	0	743	256	0
1417924794904279	1	0	0	743	256	0
1417924795905278	1	0	0	743	256	0
1417924796911992	1	0	0	738	261	4.96665
1417924797913035	1	0	0	738	261	0
1417924798913912	1	0	0	738	261	0
1417924799915208	1	0	0	738	261	0
1417924800916265	1	0	0	738	261	0
1417924801920299	1	0	0	738	261	0
1417924802921577	1	0	0	738	261	0
1417924803928588	1	0	0	738	261	0
1417924804930865	1	0	0	738	261	0
1417924805931805	1	0	0	736	263	1.99812
1417924806933012	1	0	0	736	263	0
1417924807934215	1	0	0	736	263	0
1417924808943047	1	0	0	736	263	0
1417924809944062	1	0	0	736	263	0
1417924810950281	1	0	0	736	263	0
1417924811956362	1	0	0	736	263	0
1417924812969355	1	0	0	736	263	0
1417924813976163	1	0	0	735	264	0.993238
1417924814978105	1	0	0	734	264	0
1417924815982449	1	0	0	733	265	0.995675
1417924816989632	1	0	0	733	265	0
1417924817994155	1	0	0	732	267	1.99099
1417924818995444	1	0	0	731	267	0
1417924820009165	1	0	0	731	268	0.986465
1417924821010125	1	0	0	731	268	0
1417924822016378	1	0	0	731	268	0
1417924823017517	1	0	0	731	268	0
1417924824025340	1	0	0	731	268	0
1417924825040570	1	0	0	731	268	0
1417924826044276	1	0	0	731	268	0
1417924827045239	1	0	0	731	268	0
1417924828052299	1	0	0	731	268	0
1417924829054296	1	0	0	731	268	0
1417924830055937	1	0	0	731	268	0
1417924831056774	1	0	0	729	269	0.999164
1417924832060340	1	0	0	729	269	0
1417924833064104	1	0	0	729	269	0
1417924834065850	1	0	0	729	269	0
1417924835076126	1	0	0	729	269	0
1417924836085312	1	0	0	729	272	2.97269
1417924837086270	1	0	0	729	272	0
1417924838087196	1	0	0	729	272	0
1417924839088248	1	0	0	726	272	0
1417924840092522	1	0	0	726	272	0
1417924841098948	1	0	0	726	272	0
1417924842100649	1	0	0	726	272	0
1417924843101620	1	0	0	726	272	0
1417924844103710	1	0	0	726	272	0
1417924845121427	1	0	0	726	272	0
1417924846128616	1	0	0	726	272	0
1417924847129605	1	0	0	726	272	0
1417924848130707	1	0	0	726	272	0
1417924849131718	1	0	0	726	272	0
1417924850132574	1	0	0	722	277	4.99572
1417924851134589	1	0	0	722	277	0
1417924852141249	1	0	0	722	277	0
1417924853142748	1	0	0	720	278	0.998503
1417924854152290	1	0	0	720	278	0
1417924855153392	1	0	0	717	280	1.9978
1417924856154391	1	0	0	717	281	0.999002
1417924857160861	1	0	0	717	281	0
1417924858162160	1	0	0	716	282	0.998703
1417924859169131	1	0	0	716	282	0
1417924860173243	1	0	0	716	282	0
1417924861174417	1	0	0	716	283	0.998827
1417924862184538	1	0	0	715	285	1.97996
1417924863197206	1	0	0	715	285	0
1417924864204359	1	0	0	715	285	0
1417924865205357	1	0	0	713	286	0.999003
1417924866206424	1	0	0	713	286	0
1417924867213516	1	0	0	710	289	2.97887
1417924868219932	1	0	0	708	290	0.993625
1417924869232372	1	0	0	707	291	0.987713
1417924870233515	1	0	0	707	291	0
1417924871234576	1	0	0	707	291	0
1417924872235527	1	0	0	707	291	0
1417924873237064	1	0	0	707	291	0
1417924874238796	1	0	0	707	291	0
1417924875239744	1	0	0	707	291	0
1417924876241541	1	0	0	707	292	0.998206
1417924877256316	1	0	0	707	292	0
1417924878257325	1	0	0	705	294	1.99798
1417924879261058	1	0	0	704	294	0
1417924880262101	1	0	0	704	294	0
1417924881264240	1	0	0	704	294	0
1417924882265224	1	0	0	704	294	0
1417924883272281	1	0	0	699	299	4.96496
1417924884288415	1	0	0	699	300	0.984122
1417924885293249	1	0	0	699	300	0
1417924886296325	1	0	0	699	300	0
1417924887301034	1	0	0	699	300	0
1417924888302092	1	0	0	699	300	0
1417924889303606	1	0	0	699	300	0
1417924890308291	1	0	0	699	300	0
1417924891312418	1	0	0	699	300	0
1417924892313969	1	0	0	696	302	1.9969
1417924893314962	1	0	0	696	302	0
1417924894320631	1	0	0	696	302	0
1417924895328280	1	0	0	696	304	1.98482
1417924896334114	1	0	0	694	304	0
1417924897340538	1	0	0	694	304	0
1417924898345344	1	0	0	692	306	1.99043
1417924899353425	1	0	0	692	306	0
1417924900358154	1	0	0	692	306	0
1417924901360134	1	0	0	692	306	0
1417924902361096	1	0	0	692	306	0
1417924903362248	1	0	0	692	306	0
1417924904363527	1	0	0	692	307	0.998723
1417924905368474	1	0	0	692	307	0
1417924906369761	1	0	0	689	309	1.99743
1417924907376267	1	0	0	689	310	0.993536
1417924908377495	1	0	0	687	311	0.998774
1417924909378586	1	0	0	686	313	1.99782
1417924910384785	1	0	0	684	314	0.993839
1417924911390363	1	0	0	684	314	0
1417924912391624	1	0	0	684	314	0
1417924913396253	1	0	0	684	315	0.995392
1417924914397427	1	0	0	678	321	5.99296
1417924915399198	1	0	0	676	323	1.99646
1417924916404261	1	0	0	675	323	0
1417924917409159	1	0	0	675	323	0
1417924918410201	1	0	0	675	323	0
1417924919411209	1	0	0	675	323	0
1417924920418334	1	0	0	675	323	0
1417924921421161	1	0	0	675	323	0
1417924922428319	1	0	0	675	323	0
1417924923429838	1	0	0	675	323	0
1417924924430795	1	0	0	674	324	0.999044
1417924925432564	1	0	0	674	324	0
1417924926433572	1	0	0	674	324	0
1417924927434980	1	0	0	674	324	0
1417924928441025	1	0	0	674	324	0
1417924929445115	1	0	0	674	324	0
1417924930452248	1	0	0	674	324	0
1417924931460294	1	0	0	674	324	0
1417924932464394	1	0	0	674	325	0.995917
1417924933465445	1	0	0	674	325	0
1417924934472299	1	0	0	674	325	0
1417924935473325	1	0	0	674	325	0
1417924936474311	1	0	0	674	325	0
1417924937475333	1	0	0	674	325	0
1417924938481303	1	0	0	674	325	0
1417924939482352	1	0	0	674	325	0
1417924940483746	1	0	0	672	326	0.998608
1417924941492215	1	0	0	672	326	0
1417924942501335	1	0	0	672	326	0
1417924943505307	1	0	0	672	326	0
1417924944506927	1	0	0	672	326	0
1417924945517143	1	0	0	672	326	0
1417924946525234	1	0	0	672	326	0
1417924947526257	1	0	0	672	326	0
1417924948532328	1	0	0	672	326	0
1417924949534375	1	0	0	671	328	1.99591
1417924950535572	1	0	0	671	328	0
1417924951545287	1	0	0	671	328	0
1417924952546864	1	0	0	671	328	0
1417924953561236	1	0	0	670	328	0
1417924954562527	1	0	0	670	329	0.998711
1417924955567527	1	0	0	670	329	0
1417924956576498	1	0	0	670	329	0
1417924957577997	1	0	0	670	329	0
1417924958580909	1	0	0	670	329	0
1417924959589339	1	0	0	670	329	0
1417924960592407	1	0	0	670	329	0
1417924961593871	1	0	0	670	329	0
1417924962595010	1	0	0	669	330	0.998862
1417924963600275	1	0	0	669	330	0
1417924964601453	1	0	0	668	330	0
1417924965602427	1	0	0	668	330	0
1417924966608543	1	0	0	665	333	2.98176
1417924967609609	1	0	0	665	333	0
1417924968610576	1	0	0	665	333	0
1417924969612519	1	0	0	663	335	1.99612
1417924970613498	1	0	0	663	335	0
1417924971615298	1	0	0	663	335	0
1417924972616638	1	0	0	663	335	0
1417924973618693	1	0	0	663	335	0
1417924974629942	1	0	0	663	335	0
1417924975634576	1	0	0	663	335	0
1417924976640513	1	0	0	663	336	0.994098
1417924977645008	1	0	0	659	340	3.9821
1417924978645962	1	0	0	659	340	0
1417924979646974	1	0	0	659	340	0
1417924980652257	1	0	0	659	340	0
1417924981656042	1	0	0	659	340	0
1417924982660386	1	0	0	659	340	0
1417924983661575	1	0	0	659	340	0
1417924984669019	1	0	0	656	343	2.97783
1417924985672353	1	0	0	655	345	1.99335
1417924986673392	1	0	0	655	345	0
1417924987681456	1	0	0	653	346	0.992001
1417924988682502	1	0	0	652	346	0
1417924989693548	1	0	0	652	346	0
1417924990700270	1	0	0	652	346	0
1417924991708263	1	0	0	652	346	0
1417924992716300	1	0	0	652	346	0
1417924993720309	1	0	0	652	346	0
1417924994721531	1	0	0	652	346	0
1417924995729429	1	0	0	652	346	0
1417924996730427	1	0	0	649	349	2.99701
1417924997736324	1	0	0	649	350	0.994138
1417924998744260	1	0	0	649	350	0
1417924999753217	1	0	0	649	350	0
1417925000760635	1	0	0	649	350	0
1417925001768574	1	0	0	649	350	0
1417925002773049	1	0	0	649	350	0
1417925003774219	1	0	0	649	350	0
1417925004778301	1	0	0	649	350	0
1417925005779315	1	0	0	649	350	0
1417925006784388	1	0	0	649	350	0
1417925007786237	1	0	0	649	350	0
1417925008787218	1	0	0	648	350	0
1417925009788590	1	0	0	648	350	0
1417925010796483	1	0	0	648	350	0
1417925011801153	1	0	0	648	350	0
1417925012808453	1	0	0	648	350	0
1417925013816021	1	0	0	648	350	0
1417925014821116	1	0	0	648	350	0
1417925015822078	1	0	0	648	350	0
1417925016824089	1	0	0	648	351	0.997993
1417925017832430	1	0	0	646	353	1.98346
1417925018837068	1	0	0	646	353	0
1417925019838094	1	0	0	646	353	0
1417925020839819	1	0	0	646	353	0
1417925021841831	1	0	0	646	353	0
1417925022843472	1	0	0	645	355	1.99672
1417925023846037	1	0	0	645	355	0
1417925024850208	1	0	0	643	357	1.99169
1417925025856195	1	0	0	643	357	0
1417925026864550	1	0	0	641	357	0
1417925027866026	1	0	0	641	357	0
1417925028872322	1	0	0	641	357	0
1417925029876355	1	0	0	641	357	0
1417925030880384	1	0	0	641	357	0
1417925031881603	1	0	0	641	357	0
1417925032882499	1	0	0	641	357	0
1417925033883580	1	0	0	641	359	1.99784
1417925034884813	1	0	0	641	359	0
1417925035886490	1	0	0	641	359	0
1417925036892492	1	0	0	641	359	0
1417925037893429	1	0	0	641	359	0
1417925038900265	1	0	0	641	359	0
1417925039902019	1	0	0	641	359	0
1417925040908442	1	0	0	641	359	0
1417925041912280	1	0	0	641	359	0
1417925042917461	1	0	0	638	360	0.994846
1417925043918581	1	0	0	638	360	0
1417925044921354	1	0	0	638	361	0.997235
1417925045922502	1	0	0	638	361	0
1417925046928910	1	0	0	638	361	0
1417925047929911	1	0	0	638	361	0
1417925048930903	1	0	0	638	361	0
1417925049931979	1	0	0	637	361	0
1417925050941040	1	0	0	637	361	0
1417925051942077	1	0	0	636	363	1.99793
1417925052943729	1	0	0	636	363	0
1417925053951872	1	0	0	635	363	0
1417925054960165	1	0	0	635	363	0
1417925055964238	1	0	0	635	363	0
1417925056966183	1	0	0	635	363	0
1417925057973412	1	0	0	635	363	0
1417925058974503	1	0	0	635	363	0
1417925059976030	1	0	0	635	363	0
1417925060981629	1	0	0	635	363	0
1417925061982630	1	0	0	635	363	0
1417925062984107	1	0	0	634	364	0.998525
1417925063985040	1	0	0	634	364	0
1417925064990333	1	0	0	634	364	0
1417925065996383	1	0	0	634	364	0
1417925066997436	1	0	0	634	364	0
1417925068004248	1	0	0	634	364	0
1417925069013166	1	0	0	634	364	0
1417925070016323	1	0	0	634	364	0
1417925071017809	1	0	0	634	364	0
1417925072025535	1	0	0	634	364	0
1417925073026567	1	0	0	634	365	0.998969
1417925074032751	1	0	0	634	365	0
1417925075036313	1	0	0	632	366	0.996451
1417925076040344	1	0	0	632	367	0.995985
1417925077041333	1	0	0	632	367	0
1417925078043263	1	0	0	632	367	0
1417925079044893	1	0	0	632	367	0
1417925080045907	1	0	0	632	367	0
1417925081046902	1	0	0	630	368	0.999006
1417925082052555	1	0	0	630	368	0
1417925083053505	1	0	0	630	369	0.999051
1417925084054445	1	0	0	630	369	0
1417925085060114	1	0	0	628	370	0.994363
1417925086064581	1	0	0	626	373	2.98666
1417925087065434	1	0	0	624	374	0.999148
1417925088068465	1	0	0	624	374	0
1417925089073190	1	0	0	624	374	0
1417925090075045	1	0	0	624	374	0
1417925091076215	1	0	0	624	374	0
1417925092077205	1	0	0	624	374	0
1417925093084269	1	0	0	623	375	0.992986
1417925094091327	1	0	0	623	375	0
1417925095093254	1	0	0	623	375	0
1417925096094451	1	0	0	622	377	1.99761
1417925097095684	1	0	0	616	383	5.99261
1417925098101263	1	0	0	614	384	0.994452
1417925099104419	1	0	0	614	384	0
1417925100105495	1	0	0	614	385	0.998925
1417925101107441	1	0	0	614	385	0
1417925102109256	1	0	0	613	385	0
1417925103116257	1	0	0	613	385	0
1417925104124614	1	0	0	613	385	0
1417925105125961	1	0	0	613	386	0.998655
1417925106127022	1	0	0	611	387	0.99894
1417925107128037	1	0	0	611	388	0.998986
1417925108132211	1	0	0	610	388	0
1417925109141106	1	0	0	610	388	0
1417925110142061	1	0	0	610	388	0
1417925111143160	1	0	0	610	388	0
1417925112148338	1	0	0	610	389	0.994849
1417925113149339	1	0	0	608	390	0.999
1417925114156263	1	0	0	608	390	0
1417925115157298	1	0	0	608	390	0
1417925116161066	1	0	0	606	392	1.99249
1417925117167553	1	0	0	606	392	0
1417925118172381	1	0	0	606	392	0
1417925119180291	1	0	0	606	392	0
1417925120184321	1	0	0	605	393	0.995986
1417925121185957	1	0	0	605	394	0.998367
1417925122187558	1	0	0	605	394	0
1417925123192588	1	0	0	604	394	0
1417925124193884	1	0	0	604	394	0
1417925125194843	1	0	0	602	397	2.99713
1417925126200495	1	0	0	602	397	0
1417925127208757	1	0	0	602	397	0
1417925128210045	1	0	0	599	399	1.99743
1417925129211972	1	0	0	599	399	0
1417925130213579	1	0	0	599	399	0
1417925131220284	1	0	0	599	399	0
1417925132225415	1	0	0	598	400	0.994895
1417925133233124	1	0	0	598	401	0.99235
1417925134240272	1	0	0	598	401	0
1417925135245242	1	0	0	598	401	0
1417925136253335	1	0	0	598	401	0
1417925137261008	1	0	0	598	401	0
1417925138261974	1	0	0	598	401	0
1417925139269250	1	0	0	598	401	0
1417925140276259	1	0	0	597	401	0
1417925141277529	1	0	0	597	401	0
1417925142285301	1	0	0	597	401	0
1417925143287140	1	0	0	597	401	0
1417925144296195	1	0	0	597	401	0
1417925145304597	1	0	0	597	401	0
1417925146306435	1	0	0	597	401	0
1417925147308647	1	0	0	597	401	0
1417925148316256	1	0	0	597	401	0
1417925149324954	1	0	0	597	402	0.991377
1417925150326971	1	0	0	597	402	0
1417925151332272	1	0	0	597	402	0
1417925152340250	1	0	0	597	402	0
1417925153344343	1	0	0	597	402	0
1417925154346515	1	0	0	596	403	0.997833
1417925155347496	1	0	0	596	403	0
1417925156348556	1	0	0	595	404	0.998941
1417925157349492	1	0	0	595	404	0
1417925158350416	1	0	0	595	404	0
1417925159353183	1	0	0	595	404	0
1417925160356288	1	0	0	595	404	0
1417925161357217	1	0	0	595	404	0
1417925162358562	1	0	0	595	404	0
1417925163360559	1	0	0	594	405	0.998007
1417925164368349	1	0	0	594	405	0
1417925165376905	1	0	0	594	405	0
1417925166377985	1	0	0	594	405	0
1417925167384138	1	0	0	594	405	0
1417925168385036	1	0	0	594	405	0
1417925169385900	1	0	0	594	405	0
1417925170386847	1	0	0	594	405	0
1417925171393131	1	0	0	593	405	0
1417925172396611	1	0	0	593	405	0
1417925173400296	1	0	0	593	405	0
1417925174401296	1	0	0	593	405	0
1417925175404677	1	0	0	593	405	0
1417925176408244	1	0	0	593	406	0.996446
1417925177413121	1	0	0	592	407	0.995147
1417925178419729	1	0	0	592	407	0
1417925179421171	1	0	0	591	408	0.99856
1417925180423232	1	0	0	591	408	0
1417925181424483	1	0	0	591	408	0
1417925182426387	1	0	0	591	408	0
1417925183432276	1	0	0	591	408	0
1417925184433406	1	0	0	591	408	0
1417925185436384	1	0	0	591	408	0
1417925186438386	1	0	0	591	408	0
1417925187444273	1	0	0	591	408	0
1417925188448591	1	0	0	591	408	0
1417925189449554	1	0	0	589	409	0.999038
1417925190450474	1	0	0	589	409	0
1417925191451368	1	0	0	589	409	0
1417925192457207	1	0	0	589	409	0
1417925193458243	1	0	0	589	409	0
1417925194464143	1	0	0	588	410	0.994135
1417925195465589	1	0	0	588	410	0
1417925196472550	1	0	0	587	411	0.993087
1417925197473504	1	0	0	587	411	0
1417925198475318	1	0	0	587	411	0
1417925199480253	1	0	0	587	411	0
1417925200481569	1	0	0	587	411	0
1417925201482528	1	0	0	587	411	0
1417925202488923	1	0	0	587	411	0
1417925203491011	1	0	0	587	411	0
1417925204501142	1	0	0	587	411	0
1417925205504623	1	0	0	587	411	0
1417925206508242	1	0	0	587	411	0
1417925207512376	1	0	0	587	411	0
1417925208520254	1	0	0	587	411	0
1417925209522153	1	0	0	587	411	0
1417925210523068	1	0	0	587	411	0
1417925211528379	1	0	0	587	411	0
1417925212533178	1	0	0	587	411	0
1417925213540588	1	0	0	587	411	0
1417925214544556	1	0	0	587	411	0
1417925215545484	1	0	0	587	411	0
1417925216546560	1	0	0	586	412	0.998925
1417925217552615	1	0	0	586	412	0
1417925218553475	1	0	0	585	413	0.999141
1417925219554456	1	0	0	585	413	0
1417925220555478	1	0	0	585	413	0
1417925221559982	1	0	0	585	414	0.995516
1417925222561217	1	0	0	583	415	0.998767
1417925223563033	1	0	0	583	415	0
1417925224569133	1	0	0	583	415	0
1417925225570189	1	0	0	583	415	0
1417925226571292	1	0	0	583	415	0
1417925227573156	1	0	0	583	415	0
1417925228580274	1	0	0	583	415	0
1417925229584288	1	0	0	583	415	0
1417925230592269	1	0	0	583	415	0
1417925231594033	1	0	0	583	415	0
1417925232601170	1	0	0	583	415	0
1417925233602673	1	0	0	583	416	0.998499
1417925234608272	1	0	0	583	416	0
1417925235616175	1	0	0	583	416	0
1417925236617592	1	0	0	583	416	0
1417925237618863	1	0	0	583	416	0
1417925238624266	1	0	0	583	416	0
1417925239625802	1	0	0	582	416	0
1417925240627591	1	0	0	582	416	0
1417925241629143	1	0	0	582	416	0
1417925242636242	1	0	0	582	416	0
1417925243640985	1	0	0	582	416	0
1417925244642038	1	0	0	579	419	2.99684
1417925245643001	1	0	0	579	419	0
1417925246648269	1	0	0	579	419	0
1417925247652511	1	0	0	579	419	0
1417925248653411	1	0	0	579	419	0
1417925249655150	1	0	0	579	419	0
1417925250656123	1	0	0	579	421	1.99806
1417925251660977	1	0	0	579	421	0
1417925252668392	1	0	0	579	421	0
1417925253669403	1	0	0	579	421	0
1417925254670352	1	0	0	577	421	0
1417925255671950	1	0	0	577	421	0
1417925256676841	1	0	0	577	422	0.995133
1417925257677898	1	0	0	576	423	0.998944
1417925258678861	1	0	0	573	425	1.99808
1417925259684942	1	0	0	573	425	0
1417925260686090	1	0	0	572	426	0.998853
1417925261687390	1	0	0	572	426	0
1417925262692908	1	0	0	572	426	0
1417925263700980	1	0	0	572	426	0
1417925264708175	1	0	0	572	426	0
1417925265712263	1	0	0	572	426	0
1417925266720270	1	0	0	572	427	0.992057
1417925267724313	1	0	0	572	427	0
1417925268729197	1	0	0	570	428	0.99514
1417925269737224	1	0	0	570	428	0
1417925270748597	1	0	0	569	429	0.988755
1417925271752317	1	0	0	567	432	2.98888
1417925272753362	1	0	0	565	433	0.998956
1417925273764944	1	0	0	565	433	0
1417925274772637	1	0	0	565	433	0
1417925275774476	1	0	0	565	433	0
1417925276775611	1	0	0	565	433	0
1417925277777527	1	0	0	565	433	0
1417925278784578	1	0	0	565	433	0
1417925279790649	1	0	0	565	433	0
1417925280791997	1	0	0	565	433	0
1417925281795105	1	0	0	564	433	0
1417925282806086	1	0	0	564	433	0
1417925283807512	1	0	0	564	433	0
1417925284813126	1	0	0	564	433	0
1417925285816375	1	0	0	564	436	2.99028
1417925286827810	1	0	0	562	436	0
1417925287830040	1	0	0	562	436	0
1417925288839133	1	0	0	562	436	0
1417925289840344	1	0	0	559	440	3.99516
1417925290848583	1	0	0	559	440	0
1417925291849675	1	0	0	559	440	0
1417925292853177	1	0	0	558	442	1.99302
1417925293861141	1	0	0	558	442	0
1417925294871979	1	0	0	558	442	0
1417925295874188	1	0	0	558	442	0
1417925296884246	1	0	0	558	442	0
1417925297888262	1	0	0	558	442	0
1417925298890449	1	0	0	558	442	0
1417925299892209	1	0	0	556	443	0.998243
1417925300900243	1	0	0	556	443	0
1417925301909115	1	0	0	556	443	0
1417925302911152	1	0	0	556	443	0
1417925303920620	1	0	0	556	443	0
1417925304921626	1	0	0	556	443	0
1417925305922565	1	0	0	556	443	0
1417925306937282	1	0	0	555	443	0
1417925307938398	1	0	0	555	443	0
1417925308939529	1	0	0	554	444	0.99887
1417925309940726	1	0	0	554	444	0
1417925310941969	1	0	0	554	444	0
1417925311945326	1	0	0	549	450	5.97993
1417925312953460	1	0	0	549	450	0
1417925313961082	1	0	0	547	451	0.992436
1417925314962207	1	0	0	546	453	1.99775
1417925315972426	1	0	0	545	453	0
1417925316973590	1	0	0	545	453	0
1417925317980296	1	0	0	545	453	0
1417925318981624	1	0	0	543	456	2.99602
1417925319983660	1	0	0	541	457	0.997968
1417925320992940	1	0	0	541	457	0
1417925321994373	1	0	0	541	457	0
1417925323001122	1	0	0	541	457	0
1417925324003160	1	0	0	541	457	0
1417925325006758	1	0	0	540	458	0.996415
1417925326007704	1	0	0	540	459	0.999055
1417925327009523	1	0	0	538	460	0.998184
1417925328011748	1	0	0	538	461	0.99778
1417925329012563	1	0	0	538	461	0
1417925330016249	1	0	0	538	461	0
1417925331021126	1	0	0	537	462	0.995147
1417925332028797	1	0	0	537	462	0
1417925333029922	1	0	0	537	462	0
1417925334031875	1	0	0	537	462	0
1417925335033497	1	0	0	537	462	0
1417925336034547	1	0	0	537	462	0
1417925337040288	1	0	0	536	462	0
1417925338041445	1	0	0	534	464	1.99769
1417925339045457	1	0	0	532	467	2.98801
1417925340052734	1	0	0	532	467	0
1417925341060227	1	0	0	532	467	0
1417925342061859	1	0	0	532	467	0
1417925343063164	1	0	0	532	467	0
1417925344068555	1	0	0	532	467	0
1417925345077387	1	0	0	532	467	0
1417925346084946	1	0	0	532	467	0
1417925347092278	1	0	0	532	467	0
1417925348093241	1	0	0	532	467	0
1417925349094185	1	0	0	532	467	0
1417925350104281	1	0	0	529	469	1.98001
1417925351108297	1	0	0	523	476	6.972
1417925352116150	1	0	0	523	476	0
1417925353120248	1	0	0	523	476	0
1417925354121447	1	0	0	523	476	0
1417925355125088	1	0	0	523	476	0
1417925356129190	1	0	0	523	476	0
1417925357130463	1	0	0	520	478	1.99746
1417925358141042	1	0	0	518	481	2.9686
1417925359142383	1	0	0	517	481	0
1417925360147707	1	0	0	517	483	1.98941
1417925361148903	1	0	0	515	483	0
1417925362149976	1	0	0	515	483	0
1417925363157074	1	0	0	515	483	0
1417925364158594	1	0	0	515	483	0
1417925365159674	1	0	0	515	484	0.998921
1417925366168257	1	0	0	515	484	0
1417925367169268	1	0	0	514	485	0.99899
1417925368176189	1	0	0	514	485	0
1417925369178096	1	0	0	514	485	0
1417925370179027	1	0	0	514	485	0
1417925371180012	1	0	0	513	486	0.999016
1417925372180959	1	0	0	513	486	0
1417925373189280	1	0	0	513	486	0
1417925374196588	1	0	0	513	486	0
1417925375197454	1	0	0	513	486	0
1417925376199082	1	0	0	513	486	0
1417925377200721	1	0	0	512	487	0.998364
1417925378201977	1	0	0	511	487	0
1417925379203854	1	0	0	511	487	0
1417925380206949	1	0	0	510	489	1.99383
1417925381212569	1	0	0	510	489	0
1417925382213556	1	0	0	507	492	2.99704
1417925383220282	1	0	0	502	497	4.96659
1417925384229119	1	0	0	502	497	0
1417925385230188	1	0	0	501	497	0
1417925386231061	1	0	0	501	498	0.999128
1417925387233339	1	0	0	500	498	0
1417925388234373	1	0	0	500	498	0
1417925389236359	1	0	0	500	498	0
1417925390237756	1	0	0	500	498	0
1417925391241071	1	0	0	500	498	0
1417925392248275	1	0	0	500	499	0.992848
1417925393250232	1	0	0	498	500	0.998047
1417925394257428	1	0	0	498	500	0
1417925395265117	1	0	0	498	500	0
1417925396272287	1	0	0	498	500	0
1417925397277267	1	0	0	498	500	0
1417925398279247	1	0	0	498	500	0
1417925399281008	1	0	0	498	500	0
1417925400288459	1	0	0	498	500	0
1417925401297222	1	0	0	498	500	0
1417925402298183	1	0	0	497	503	2.99712
1417925403299241	1	0	0	497	503	0
1417925404308390	1	0	0	497	503	0
1417925405313276	1	0	0	495	503	0
1417925406320243	1	0	0	495	503	0
1417925407324293	1	0	0	495	503	0
1417925408332621	1	0	0	493	506	2.97522
1417925409337194	1	0	0	489	510	3.98179
1417925410339191	1	0	0	489	510	0
1417925411345427	1	0	0	489	510	0
1417925412346541	1	0	0	487	512	1.99777
1417925413347459	1	0	0	487	512	0
1417925414352998	1	0	0	487	512	0
1417925415356991	1	0	0	487	512	0
1417925416358955	1	0	0	487	512	0
1417925417364519	1	0	0	486	513	0.994467
1417925418365544	1	0	0	486	513	0
1417925419366539	1	0	0	485	514	0.999006
1417925420368374	1	0	0	480	518	3.99267
1417925421373884	1	0	0	480	518	0
1417925422380253	1	0	0	480	518	0
1417925423381174	1	0	0	480	518	0
1417925424382336	1	0	0	480	518	0
1417925425383410	1	0	0	477	521	2.99678
1417925426384636	1	0	0	476	523	1.99755
1417925427385546	1	0	0	476	523	0
1417925428386639	1	0	0	476	523	0
1417925429394046	1	0	0	476	523	0
1417925430395762	1	0	0	476	523	0
1417925431408258	1	0	0	476	523	0
1417925432409867	1	0	0	476	523	0
1417925433413115	1	0	0	476	523	0
1417925434414066	1	0	0	476	523	0
1417925435417571	1	0	0	476	523	0
1417925436424346	1	0	0	475	524	0.993271
1417925437433102	1	0	0	474	525	0.99132
1417925438434120	1	0	0	472	527	1.99797
1417925439440337	1	0	0	472	527	0
1417925440441336	1	0	0	471	528	0.999002
1417925441448136	1	0	0	471	528	0
1417925442456775	1	0	0	471	528	0
1417925443457824	1	0	0	471	528	0
1417925444460008	1	0	0	471	528	0
1417925445461964	1	0	0	470	528	0
1417925446463517	1	0	0	470	528	0
1417925447466891	1	0	0	469	530	1.99327
1417925448468104	1	0	0	469	530	0
1417925449469620	1	0	0	466	533	2.99546
1417925450476871	1	0	0	465	535	1.9856
1417925451484257	1	0	0	465	535	0
1417925452485315	1	0	0	463	535	0
1417925453489080	1	0	0	461	537	1.9925
1417925454490062	1	0	0	461	537	0
1417925455491066	1	0	0	458	540	2.99699
1417925456497039	1	0	0	458	540	0
1417925457498059	1	0	0	455	544	3.99592
1417925458499032	1	0	0	453	545	0.999028
1417925459504355	1	0	0	453	545	0
1417925460505470	1	0	0	452	546	0.998886
1417925461509117	1	0	0	452	546	0
1417925462516266	1	0	0	451	548	1.9858
1417925463524595	1	0	0	449	549	0.99174
1417925464528460	1	0	0	448	550	0.99615
1417925465536308	1	0	0	448	550	0
1417925466537297	1	0	0	448	550	0
1417925467541780	1	0	0	447	552	1.99107
1417925468547626	1	0	0	442	557	4.97094
1417925469548776	1	0	0	440	558	0.998851
1417925470552271	1	0	0	440	558	0
1417925471554158	1	0	0	440	558	0
1417925472560265	1	0	0	440	558	0
1417925473564234	1	0	0	440	558	0
1417925474568304	1	0	0	440	558	0
1417925475576737	1	0	0	440	558	0
1417925476577739	1	0	0	440	558	0
1417925477579592	1	0	0	440	561	2.99445
1417925478580934	1	0	0	436	562	0.99866
1417925479582747	1	0	0	436	562	0
1417925480584046	1	0	0	436	562	0
1417925481584768	1	0	0	436	562	0
1417925482586170	1	0	0	436	562	0
1417925483588220	1	0	0	436	562	0
1417925484589744	1	0	0	436	562	0
1417925485596210	1	0	0	436	562	0
1417925486597439	1	0	0	436	563	0.998773
1417925487608592	1	0	0	435	563	0
1417925488612251	1	0	0	432	566	2.98906
1417925489614362	1	0	0	432	566	0
1417925490615441	1	0	0	432	567	0.998922
1417925491616458	1	0	0	432	567	0
1417925492618207	1	0	0	428	571	3.99302
1417925493619355	1	0	0	428	571	0
1417925494621057	1	0	0	425	573	1.9966
1417925495622180	1	0	0	425	574	0.998878
1417925496630440	1	0	0	421	578	3.96723
1417925497631336	1	0	0	419	579	0.999105
1417925498632323	1	0	0	416	583	3.99606
1417925499640677	1	0	0	415	583	0
1417925500648209	1	0	0	414	584	0.992524
1417925501649142	1	0	0	414	584	0
1417925502650066	1	0	0	414	584	0
1417925503651015	1	0	0	413	585	0.999052
1417925504652760	1	0	0	413	585	0
1417925505656226	1	0	0	413	585	0
1417925506660234	1	0	0	413	585	0
1417925507665472	1	0	0	406	593	7.95831
1417925508672361	1	0	0	405	594	0.993158
1417925509676585	1	0	0	405	594	0
1417925510681108	1	0	0	404	597	2.98649
1417925511682135	1	0	0	400	600	2.99692
1417925512683086	1	0	0	400	600	0
1417925513688280	1	0	0	398	600	0
1417925514689254	1	0	0	397	600	0
1417925515690258	1	0	0	397	600	0
1417925516693632	1	0	0	397	600	0
1417925517694728	1	0	0	397	602	1.99781
1417925518698820	1	0	0	396	602	0
1417925519699924	1	0	0	396	602	0
1417925520701260	1	0	0	393	606	3.99466
1417925521709494	1	0	0	392	606	0
1417925522712439	1	0	0	391	607	0.997064
1417925523713407	1	0	0	391	607	0
1417925524714296	1	0	0	391	607	0
1417925525715489	1	0	0	391	608	0.998808
1417925526716412	1	0	0	390	608	0
1417925527717374	1	0	0	390	608	0
1417925528719130	1	0	0	388	610	1.99649
1417925529725580	1	0	0	388	610	0
1417925530728285	1	0	0	387	611	0.997302
1417925531736102	1	0	0	387	611	0
1417925532745343	1	0	0	387	611	0
1417925533746399	1	0	0	385	614	2.99684
1417925534749368	1	0	0	382	616	1.99408
1417925535750283	1	0	0	382	616	0
1417925536756589	1	0	0	382	617	0.993734
1417925537757866	1	0	0	381	618	0.998725
1417925538758866	1	0	0	380	618	0
1417925539759908	1	0	0	380	618	0
1417925540760958	1	0	0	380	618	0
1417925541768430	1	0	0	379	620	1.98517
1417925542770344	1	0	0	378	621	0.99809
1417925543771277	1	0	0	378	621	0
1417925544778215	1	0	0	376	622	0.99311
1417925545779590	1	0	0	376	622	0
1417925546784121	1	0	0	373	625	2.98647
1417925547788313	1	0	0	373	625	0
1417925548796313	1	0	0	372	626	0.992063
1417925549804276	1	0	0	372	626	0
1417925550805259	1	0	0	372	626	0
1417925551812440	1	0	0	372	627	0.99287
1417925552816408	1	0	0	371	627	0
1417925553825291	1	0	0	371	627	0
1417925554826399	1	0	0	371	627	0
1417925555832251	1	0	0	371	628	0.994182
1417925556833683	1	0	0	366	633	4.99285
1417925557840272	1	0	0	364	635	1.98691
1417925558845967	1	0	0	362	637	1.98867
1417925559852353	1	0	0	362	637	0
1417925560865224	1	0	0	362	637	0
1417925561872168	1	0	0	361	638	0.993104
1417925562873165	1	0	0	360	640	1.99801
1417925563874940	1	0	0	358	640	0
1417925564880502	1	0	0	358	640	0
1417925565885342	1	0	0	358	640	0
1417925566886304	1	0	0	357	641	0.999039
1417925567889837	1	0	0	353	646	4.9824
1417925568890829	1	0	0	353	646	0
1417925569891908	1	0	0	353	646	0
1417925570900308	1	0	0	353	646	0
1417925571908268	1	0	0	351	647	0.992103
1417925572916525	1	0	0	351	647	0
1417925573924776	1	0	0	351	648	0.991817
1417925574925921	1	0	0	349	649	0.998856
1417925575926850	1	0	0	348	650	0.999072
1417925576932279	1	0	0	348	651	0.9946
1417925577933197	1	0	0	347	651	0
1417925578935224	1	0	0	347	651	0
1417925579936549	1	0	0	345	653	1.99735
1417925580938074	1	0	0	345	653	0
1417925581939038	1	0	0	345	653	0
1417925582945354	1	0	0	345	653	0
1417925583946300	1	0	0	345	653	0
1417925584947480	1	0	0	344	655	1.99764
1417925585956796	1	0	0	344	655	0
1417925586964312	1	0	0	343	656	0.99254
1417925587965295	1	0	0	342	656	0
1417925588966249	1	0	0	339	659	2.99714
1417925589972559	1	0	0	338	660	0.99373
1417925590980291	1	0	0	338	661	0.992327
1417925591981306	1	0	0	338	661	0
1417925592982254	1	0	0	337	661	0
1417925593983234	1	0	0	337	661	0
1417925594989363	1	0	0	337	661	0
1417925595990557	1	0	0	336	662	0.998807
1417925596996410	1	0	0	336	662	0
1417925597997404	1	0	0	336	662	0
1417925598998539	1	0	0	336	662	0
1417925600005020	1	0	0	336	663	0.993561
1417925601009160	1	0	0	336	663	0
1417925602012580	1	0	0	335	663	0
1417925603024371	1	0	0	335	663	0
1417925604026876	1	0	0	335	663	0
1417925605027874	1	0	0	335	663	0
1417925606040535	1	0	0	333	665	1.97499
1417925607052336	1	0	0	333	666	0.988337
1417925608057079	1	0	0	330	669	2.98584
1417925609068290	1	0	0	330	669	0
1417925610072550	1	0	0	329	671	1.99152
1417925611073790	1	0	0	329	671	0
1417925612080287	1	0	0	329	671	0
1417925613092186	1	0	0	329	671	0
1417925614093552	1	0	0	329	671	0
1417925615097312	1	0	0	325	674	2.98876
1417925616104270	1	0	0	325	674	0
1417925617109554	1	0	0	325	674	0
1417925618120287	1	0	0	323	675	0.989381
1417925619128140	1	0	0	322	676	0.992208
1417925620130701	1	0	0	321	677	0.997446
1417925621131983	1	0	0	321	678	0.99872
1417925622148526	1	0	0	321	678	0
1417925623152273	1	0	0	321	678	0
1417925624153505	1	0	0	319	679	0.99877
1417925625164322	1	0	0	319	679	0
1417925626165615	1	0	0	319	679	0
1417925627168549	1	0	0	319	679	0
1417925628180936	1	0	0	319	679	0
1417925629185055	1	0	0	319	679	0
1417925630191078	1	0	0	319	679	0
1417925631200325	1	0	0	317	682	2.97251
1417925632212280	1	0	0	317	682	0
1417925633224275	1	0	0	314	684	1.97629
1417925634232475	1	0	0	314	686	1.98373
1417925635234752	1	0	0	314	686	0
1417925636243633	1	0	0	312	687	0.991197
1417925637245347	1	0	0	312	687	0
1417925638249172	1	0	0	312	687	0
1417925639256301	1	0	0	311	687	0
1417925640265347	1	0	0	311	689	1.98207
1417925641272984	1	0	0	309	690	0.992421
1417925642273992	1	0	0	309	690	0
1417925643278120	1	0	0	308	691	0.995889
1417925644279434	1	0	0	308	691	0
1417925645288996	1	0	0	308	691	0
1417925646291024	1	0	0	305	694	2.99393
1417925647296308	1	0	0	305	694	0
1417925648300345	1	0	0	305	694	0
1417925649301384	1	0	0	305	694	0
1417925650304105	1	0	0	305	694	0
1417925651316269	1	0	0	305	694	0
1417925652320320	1	0	0	304	697	2.9879
1417925653328274	1	0	0	304	697	0
1417925654333046	1	0	0	304	697	0
1417925655334100	1	0	0	295	704	6.99263
1417925656345366	1	0	0	293	706	1.97772
1417925657346519	1	0	0	293	706	0
1417925658349128	1	0	0	291	707	0.997398
1417925659360524	1	0	0	288	710	2.9662
1417925660361763	1	0	0	287	711	0.998763
1417925661369922	1	0	0	287	712	0.991907
1417925662376392	1	0	0	287	712	0
1417925663389252	1	0	0	286	712	0
1417925664400482	1	0	0	286	712	0
1417925665404509	1	0	0	283	716	3.98396
1417925666413124	1	0	0	283	716	0
1417925667415022	1	0	0	283	716	0
1417925668424775	1	0	0	283	716	0
1417925669436328	1	0	0	283	716	0
1417925670438336	1	0	0	282	718	1.99599
1417925671444288	1	0	0	280	718	0
1417925672445587	1	0	0	278	720	1.99741
1417925673452467	1	0	0	278	720	0
1417925674453617	1	0	0	277	721	0.998851
1417925675464477	1	0	0	276	722	0.989257
1417925676471674	1	0	0	276	722	0
1417925677480904	1	0	0	276	722	0
1417925678484962	1	0	0	276	723	0.995958
1417925679489097	1	0	0	276	723	0
1417925680490222	1	0	0	275	725	1.99775
1417925681491366	1	0	0	275	725	0
1417925682496345	1	0	0	273	725	0
1417925683497300	1	0	0	273	725	0
1417925684508356	1	0	0	273	726	0.989065
1417925685516254	1	0	0	267	732	5.95298
1417925686520969	1	0	0	266	733	0.995307
1417925687532141	1	0	0	266	733	0
1417925688536331	1	0	0	265	733	0
1417925689544276	1	0	0	265	733	0
1417925690552280	1	0	0	265	733	0
1417925691555655	1	0	0	265	733	0
1417925692560520	1	0	0	265	733	0
1417925693561350	1	0	0	265	733	0
1417925694562497	1	0	0	265	733	0
1417925695569935	1	0	0	265	733	0
1417925696570948	1	0	0	265	733	0
1417925697580314	1	0	0	265	733	0
1417925698581448	1	0	0	265	733	0
1417925699582468	1	0	0	265	733	0
1417925700583425	1	0	0	264	734	0.999044
1417925701588606	1	0	0	264	734	0
1417925702589575	1	0	0	264	734	0
1417925703596284	1	0	0	264	735	0.993336
1417925704605294	1	0	0	263	735	0
1417925705616231	1	0	0	263	735	0
1417925706618020	1	0	0	263	735	0
1417925707625082	1	0	0	263	735	0
1417925708626163	1	0	0	262	736	0.99892
1417925709627201	1	0	0	262	736	0
1417925710633435	1	0	0	262	736	0
1417925711634404	1	0	0	253	746	9.99032
1417925712640380	1	0	0	253	746	0
1417925713644264	1	0	0	253	746	0
1417925714645748	1	0	0	252	749	2.99555
1417925715653484	1	0	0	247	752	2.97697
1417925716654698	1	0	0	247	752	0
1417925717673348	1	0	0	247	752	0
1417925718684302	1	0	0	247	752	0
1417925719688415	1	0	0	246	752	0
1417925720689454	1	0	0	246	752	0
1417925721697506	1	0	0	246	756	3.96805
1417925722704993	1	0	0	246	756	0
1417925723706192	1	0	0	242	757	0.998802
1417925724712461	1	0	0	241	757	0
1417925725719140	1	0	0	240	758	0.993365
1417925726728342	1	0	0	240	758	0
1417925727729930	1	0	0	239	759	0.998415
1417925728740122	1	0	0	238	760	0.989911
1417925729745187	1	0	0	231	768	7.95968
1417925730746261	1	0	0	229	769	0.998927
1417925731757045	1	0	0	229	769	0
1417925732765652	1	0	0	229	769	0
1417925733773244	1	0	0	228	770	0.992465
1417925734775430	1	0	0	228	770	0
1417925735776362	1	0	0	228	771	0.999069
1417925736781116	1	0	0	226	772	0.995268
1417925737788154	1	0	0	226	773	0.993011
1417925738792865	1	0	0	222	777	3.98124
1417925739798520	1	0	0	217	782	4.97188
1417925740816505	1	0	0	216	782	0
1417925741817917	1	0	0	212	786	3.99436
1417925742825613	1	0	0	212	787	0.992363
1417925743836864	1	0	0	203	796	8.89987
1417925744844316	1	0	0	202	797	0.992603
1417925745854005	1	0	0	202	797	0
1417925746861575	1	0	0	201	798	0.992487
1417925747866881	1	0	0	197	802	3.97889
1417925748870676	1	0	0	195	804	1.99244
1417925749872566	1	0	0	195	804	0
1417925750873621	1	0	0	192	806	1.99789
1417925751880237	1	0	0	191	808	1.98685
1417925752881189	1	0	0	191	808	0
1417925753888488	1	0	0	191	808	0
1417925754889532	1	0	0	189	809	0.998957
1417925755892443	1	0	0	189	809	0
1417925756894411	1	0	0	188	810	0.998036
1417925757895576	1	0	0	188	810	0
1417925758896731	1	0	0	182	815	4.99423
1417925759899966	1	0	0	182	817	1.99355
1417925760909062	1	0	0	181	820	2.97296
1417925761912297	1	0	0	177	821	0.996775
1417925762921296	1	0	0	177	821	0
1417925763922365	1	0	0	177	822	0.998932
1417925764929495	1	0	0	177	822	0
1417925765933092	1	0	0	177	822	0
1417925766941353	1	0	0	176	822	0
1417925767942356	1	0	0	171	827	4.99499
1417925768948285	1	0	0	171	828	0.994106
1417925769949438	1	0	0	170	829	0.998848
1417925770953204	1	0	0	168	830	0.996248
1417925771960264	1	0	0	168	830	0
1417925772964316	1	0	0	168	830	0
1417925773966130	1	0	0	166	832	1.99638
1417925774970838	1	0	0	166	833	0.995314
1417925775978615	1	0	0	164	834	0.992283
1417925776984913	1	0	0	164	834	0
1417925777986094	1	0	0	163	836	1.99764
1417925778987661	1	0	0	163	836	0
1417925779988622	1	0	0	162	837	0.99904
1417925780990244	1	0	0	158	841	3.99352
1417925781991181	1	0	0	152	847	5.99438
1417925782992046	1	0	0	150	847	0
1417925784001308	1	0	0	150	849	1.98165
1417925785003282	1	0	0	147	852	2.99409
1417925786008371	1	0	0	147	852	0
1417925787009255	1	0	0	146	854	1.99823
1417925788016253	1	0	0	144	854	0
1417925789017811	1	0	0	144	855	0.998444
1417925790018790	1	0	0	143	856	0.999022
1417925791020068	1	0	0	141	857	0.998724
1417925792028291	1	0	0	137	862	4.95922
1417925793032532	1	0	0	135	863	0.995777
1417925794033520	1	0	0	134	864	0.999013
1417925795037132	1	0	0	129	869	4.982
1417925796044254	1	0	0	128	871	1.98586
1417925797045178	1	0	0	125	874	2.99723
1417925798046106	1	0	0	124	874	0
1417925799052466	1	0	0	124	874	0
1417925800056461	1	0	0	124	874	0
1417925801064909	1	0	0	124	874	0
1417925802066857	1	0	0	123	876	1.99611
1417925803067972	1	0	0	121	877	0.998886
1417925804069462	1	0	0	121	877	0
1417925805070385	1	0	0	121	877	0
1417925806076249	1	0	0	118	880	2.98251
1417925807077391	1	0	0	118	881	0.998859
1417925808081322	1	0	0	118	881	0
1417925809084547	1	0	0	116	882	0.996785
1417925810085496	1	0	0	116	883	0.999052
1417925811089200	1	0	0	116	883	0
1417925812097192	1	0	0	116	883	0
1417925813100222	1	0	0	115	884	0.996979
1417925814104972	1	0	0	114	884	0
1417925815109114	1	0	0	114	884	0
1417925816116245	1	0	0	114	884	0
1417925817124257	1	0	0	109	890	5.95231
1417925818128349	1	0	0	107	891	0.995925
1417925819133147	1	0	0	106	893	1.99045
1417925820140756	1	0	0	106	893	0
1417925821141985	1	0	0	106	893	0
1417925822142936	1	0	0	106	893	0
1417925823143867	1	0	0	103	896	2.99721
1417925824146594	1	0	0	102	896	0
1417925825153084	1	0	0	101	897	0.993552
1417925826155774	1	0	0	101	898	0.997317
1417925827165089	1	0	0	101	898	0
1417925828167036	1	0	0	98	900	1.99611
1417925829167930	1	0	0	97	903	2.99732
1417925830172966	1	0	0	95	904	0.994989
1417925831179269	1	0	0	94	904	0
1417925832180312	1	0	0	93	905	0.998958
1417925833182270	1	0	0	93	905	0
1417925834183297	1	0	0	93	906	0.998974
1417925835188296	1	0	0	93	906	0
1417925836197257	1	0	0	93	906	0
1417925837204252	1	0	0	91	908	1.98611
1417925838206533	1	0	0	88	911	2.99317
1417925839207615	1	0	0	86	913	1.99784
1417925840208673	1	0	0	85	913	0
1417925841209978	1	0	0	85	914	0.998697
1417925842216582	1	0	0	83	915	0.993439
1417925843218556	1	0	0	83	917	1.99606
1417925844225239	1	0	0	79	920	2.98008
1417925845226292	1	0	0	78	921	0.998948
1417925846228256	1	0	0	78	921	0
1417925847229492	1	0	0	77	922	0.998766
1417925848230438	1	0	0	77	922	0
1417925849231478	1	0	0	75	924	1.99792
1417925850232460	1	0	0	75	924	0
1417925851237016	1	0	0	73	926	1.99093
1417925852241142	1	0	0	73	926	0
1417925853242174	1	0	0	72	928	1.99794
1417925854248237	1	0	0	66	932	3.97589
1417925855252376	1	0	0	65	933	0.995878
1417925856261140	1	0	0	64	934	0.991312
1417925857268241	1	0	0	64	934	0
1417925858270229	1	0	0	63	935	0.998016
1417925859276451	1	0	0	63	936	0.993816
1417925860280445	1	0	0	61	938	1.99204
1417925861288694	1	0	0	60	939	0.991818
1417925862289615	1	0	0	57	942	2.99724
1417925863290557	1	0	0	56	942	0
1417925864296457	1	0	0	55	945	2.9824
1417925865301242	1	0	0	53	945	0
1417925866304288	1	0	0	53	945	0
1417925867305576	1	0	0	53	945	0
1417925868309194	1	0	0	51	948	2.98919
1417925869311112	1	0	0	49	950	1.99617
1417925870316303	1	0	0	47	951	0.994836
1417925871317866	1	0	0	47	951	0
1417925872321082	1	0	0	46	953	1.99359
1417925873329404	1	0	0	39	960	6.94223
1417925874330343	1	0	0	37	961	0.999062
1417925875336269	1	0	0	37	961	0
1417925876337461	1	0	0	37	964	2.99643
1417925877338461	1	0	0	34	964	0
1417925878341371	1	0	0	34	965	0.997098
1417925879348272	1	0	0	33	965	0
1417925880363552	1	0	0	30	968	2.95485
1417925881364484	1	0	0	29	971	2.99721
1417925882368476	1	0	0	26	972	0.996024
1417925883376246	1	0	0	23	976	3.96916
1417925884381107	1	0	0	18	981	4.97581
1417925885388712	1	0	0	16	981	0
1417925886397888	1	0	0	16	984	2.97272
1417925887398878	1	0	0	16	984	0
1417925888408251	1	0	0	13	985	0.990714
1417925889416271	1	0	0	12	986	0.992044
1417925890417355	1	0	0	12	987	0.998917
1417925891423395	1	0	0	11	988	0.993996
1417925892425184	1	0	0	10	989	0.998214
1417925893429153	1	0	0	5	993	3.98419
1417925894430110	1	0	0	5	994	0.999044
1417925895436569	1	0	0	5	994	0
1417925896437469	1	0	0	5	994	0
1417925897441212	1	0	0	5	994	0
1417925898449283	1	0	0	3	995	0.991994
1417925899450430	1	0	0	3	995	0
1417925900456357	1	0	0	2	998	2.98232
1417925901457418	1	1	0	0	1000	1.99788
