map 17318416 599090 23209800
map 17318416 145079 23209800
map 17318416 97416 23209800
map 17318416 125675 23209800
map 17318416 146290 23209800
map 17318416 583748 23209800
map 17318416 636226 24000000
map 17318416 455102 23209800
map 17318416 715917 23209800
map 17318416 131443 23209800
map 17318416 547220 22000000
map 17318416 220188 25000000
map 17318416 164621 23209800
map 17318416 63079 21000000
map 17318416 581208 23209800
map 17318416 424074 23209800
map 17318416 132838 23209800
map 17318416 125201 23209800
map 17318416 131954 25000000
map 17318416 178305 24000000
map 17318416 144242 23209800
map 17318416 448212 23209800
map 17318416 123251 23209800
map 17318416 304444 23209800
map 17318416 817358 23209800
map 17318416 738118 23209800
map 17318416 416287 23209800
map 17318416 74922 23209800
map 17318416 81698 23209800
map 17318416 187405 23209800
map 17318416 75557 23209800
map 17318416 129856 23209800
map 17318416 375632 23209800
map 17318416 210478 23209800
map 17318416 92830 23209800
map 17318416 83756 23209800
map 17318416 412945 20000000
map 17318416 669211 23209800
map 17318416 273732 25000000
map 17318416 84383 23209800
map 17318416 87362 23209800
map 17318416 135623 23209800
map 17318416 117810 24000000
map 17318416 118808 23209800
map 17318416 107855 23209800
map 17318416 116869 24000000
map 17318416 110989 14000000
map 17318416 140443 23209800
map 17318416 540582 24000000
map 17318416 138752 23209800
map 17318416 197588 23209800
map 17318416 156801 25000000
map 17318416 102396 23209800
map 17318416 121938 23209800
map 17318416 122391 23209800
map 17318416 318717 23209800
map 17318416 110421 23209800
map 17318416 255828 25000000
map 17318416 93184 23209800
map 17318416 49595 23000000
map 17318416 49623 23000000
map 17318416 115007 23209800
map 17318416 109119 23209800
map 17318416 49090 23000000
map 17318416 93317 23209800
map 17318416 98150 21000000
map 17318416 258836 23209800
map 17318416 94305 19000000
map 17318416 91052 25000000
map 17318416 209632 23209800
map 17318416 176656 23209800
map 17318416 387856 17000000
map 17318416 703722 23209800
map 17318416 471528 23209800
map 17318416 203791 23209800
map 17318416 495844 23209800
map 17318416 492289 21000000
map 17318416 694791 23209800
map 17318416 90605 23209800
map 17318416 93158 25000000
map 17318416 807804 23209800
map 17318416 96004 25000000
map 17318416 666525 23209800
map 17318416 201437 20000000
map 17318416 162501 23209800
map 17318416 117130 16000000
map 17318416 105091 15000000
map 17318416 236561 23209800
map 17318416 209192 25000000
map 17318416 328484 23209800
map 17318416 143325 23209800
map 17318416 267295 24000000
map 17318416 715630 22000000
map 17318416 420176 21000000
map 17318416 360819 23209800
map 17318416 96023 19000000
map 17318416 118670 23209800
map 17318416 418800 23209800
map 17318416 125843 23000000
map 17318416 762112 23209800
map 17318416 94125 23209800
map 17318416 83678 23209800
map 17318416 83084 25000000
map 17318416 87466 23209800
map 17318416 85560 24000000
map 17318416 85688 25000000
map 17318416 80432 25000000
map 17318416 80075 23209800
map 17318416 81570 22000000
map 17318416 84016 23209800
map 17318416 223052 24000000
map 17318416 697243 24000000
map 17318416 577201 23209800
map 17318416 607257 23209800
map 17318416 613879 23209800
map 17318416 83144 23209800
map 17318416 230877 23209800
map 17318416 295725 25000000
map 17318416 558534 23209800
map 17318416 87743 23209800
map 17318416 505514 23209800
map 17318416 86670 25000000
map 17318416 85594 25000000
map 17318416 88089 25000000
map 17318416 83488 25000000
map 17318416 124662 23209800
map 17318416 204887 23209800
map 17318416 574709 23000000
map 17318416 90916 23209800
map 17318416 86848 22000000
map 17318416 341531 23209800
map 17318416 85972 23209800
map 17318416 643339 25000000
map 17318416 108417 23209800
map 17318416 75140 25000000
map 17318416 100898 23209800
map 17318416 80480 25000000
map 17318416 460666 23209800
map 17318416 72963 23209800
map 17318416 528502 23209800
map 17318416 82769 23209800
map 17318416 84205 25000000
map 17318416 88534 23209800
map 17318416 78772 23209800
map 17318416 78449 23209800
map 17318416 87317 23209800
map 17318416 81606 23209800
map 17318416 84098 23000000
map 17318416 92075 23209800
map 17318416 87322 23209800
map 17318416 412945 23209800
map 17318416 425024 23209800
map 17318416 83756 23209800
map 17318416 644149 23209800
map 17318416 123251 23209800
map 17318416 673850 23209800
map 17318416 104968 25000000
map 17318416 448212 23209800
map 17318416 75557 24000000
map 17318416 664121 23209800
map 17318416 81698 23209800
map 17318416 748201 23209800
map 17318416 273732 23209800
map 17318416 430895 23209800
map 17318416 669211 23209800
map 17318416 493669 23209800
map 17318416 473902 23209800
map 17318416 85805 23209800
map 17318416 145079 23209800
map 17318416 210478 23209800
map 17318416 375632 25000000
map 17318416 238690 23209800
map 17318416 75140 23209800
map 17318416 196742 22000000
map 17318416 2192774 24000000
map 17318416 108417 23209800
map 17318416 78705 25000000
map 17318416 79965 25000000
map 17318416 505514 23209800
map 17318416 445101 25000000
map 17318416 74012 25000000
map 17318416 785563 23209800
map 17318416 707830 23209800
map 17318416 574709 23209800
map 17318416 77040 23209800
map 17318416 204887 23209800
map 17318416 234141 23000000
map 17318416 178893 24000000
map 17318416 392795 23209800
map 17318416 72963 23209800
map 17318416 80480 23209800
map 17318416 325664 25000000
map 17318416 528084 23209800
map 17318416 341531 23209800
map 17318416 581076 23209800
map 17318416 351596 23209800
map 17318416 699236 25000000
map 17318416 559642 23209800
map 17318416 528502 23209800
map 17318416 643339 23209800
map 17318416 96023 25000000
map 17318416 561684 25000000
map 17318416 95246 23209800
map 17318416 420176 23209800
map 17318416 92327 23209800
map 17318416 829559 23209800
map 17318416 101308 24000000
map 17318416 492289 23209800
map 17318416 317230 23209800
map 17318416 97124 23209800
map 17318416 633116 23209800
map 17318416 203791 22000000
map 17318416 520580 23209800
map 17318416 107735 23209800
map 17318416 210174 25000000
map 17318416 91212 23209800
map 17318416 94786 23209800
map 17318416 125843 23209800
map 17318416 196926 24000000
map 17318416 105180 23209800
map 17318416 270547 24000000
map 17318416 118670 23209800
map 17318416 102204 23209800
map 17318416 107194 23209800
map 17318416 633691 23209800
map 17318416 89099 23209800
map 17318416 189406 23209800
map 17318416 105402 24000000
map 17318416 100565 24000000
map 17318416 125201 23209800
map 17318416 100058 23209800
map 17318416 89600 23209800
map 17318416 102212 23209800
map 17318416 132838 23209800
map 17318416 214552 23209800
map 17318416 146290 23209800
map 17318416 82898 23209800
map 17318416 125675 23209800
map 17318416 714640 23209800
map 17318416 131708 25000000
map 17318416 533733 23209800
map 17318416 671098 25000000
map 17318416 547220 23209800
map 17318416 341605 23209800
map 17318416 178305 23209800
map 17318416 717878 23209800
map 17318416 588869 23209800
map 17318416 131954 23209800
map 17318416 111173 24000000
map 17318416 437179 23209800
map 17318416 92449 23209800
map 17318416 104235 23209800
map 17318416 102528 25000000
map 17318416 731129 23209800
map 17318416 501453 23209800
map 17318416 638680 23209800
map 17318416 471528 23209800
map 17318416 387856 23209800
map 17318416 63079 23209800
map 17318416 220188 22000000
map 17318416 121155 23209800
map 17318416 475204 22000000
map 17318416 505557 23209800
map 17318416 128452 23209800
map 17318416 385293 25000000
map 17318416 528230 23209800
map 17318416 347543 23209800
map 17318416 537983 14000000
map 17318416 124565 23209800
map 17318416 126713 23209800
map 17318416 561067 23209800
map 17318416 128994 23209800
map 17318416 735767 23209800
map 17318416 434602 23209800
map 17318416 87365 25000000
map 17318416 273926 23209800
map 17318416 555227 23209800
map 17318416 232083 15000000
map 17318416 118877 23209800
map 17318416 93850 11000000
map 17318416 172705 25000000
map 17318416 98623 23209800
map 17318416 104790 23000000
map 17318416 508042 23209800
map 17318416 560545 23209800
map 17318416 96754 25000000
map 17318416 102387 23209800
map 17318416 94862 23209800
map 17318416 104742 25000000
map 17318416 96168 22000000
map 17318416 103338 25000000
map 17318416 114974 23209800
map 17318416 117742 23209800
map 17318416 97085 23209800
map 17318416 100582 23209800
map 17318416 187481 23209800
map 17318416 562118 23209800
map 17318416 265962 17000000
map 17318416 118011 23209800
map 17318416 417711 20000000
map 17318416 87612 22000000
map 17318416 492953 25000000
map 17318416 606167 23209800
map 17318416 80174 23209800
map 17318416 310141 19000000
map 17318416 91389 25000000
map 17318416 515589 23209800
map 17318416 82368 13000000
map 17318416 470448 23209800
map 17318416 448130 23209800
map 17318416 559155 25000000
map 17318416 86561 23000000
map 17318416 131366 24000000
map 17318416 595614 23209800
map 17318416 402314 18000000
map 17318416 336044 23209800
map 17318416 351442 23209800
map 17318416 328173 24000000
map 17318416 753540 23209800
map 17318416 443888 25000000
map 17318416 185450 22000000
map 17318416 342486 23209800
map 17318416 180386 23209800
map 17318416 93285 23209800
map 17318416 90130 23209800
map 17318416 689642 23209800
map 17318416 440487 25000000
map 17318416 132322 25000000
map 17318416 643175 23209800
map 17318416 79107 25000000
map 17318416 77176 23209800
map 17318416 245249 23209800
map 17318416 366380 23209800
map 17318416 475432 25000000
map 17318416 347421 23209800
map 17318416 298332 18000000
map 17318416 569911 23209800
map 17318416 113133 25000000
map 17318416 102953 23209800
map 17318416 106095 23000000
map 17318416 90747 23209800
map 17318416 82468 25000000
map 17318416 189626 25000000
map 17318416 529786 23209800
map 17318416 143105 23209800
map 17318416 559917 23209800
map 17318416 488529 23209800
map 17318416 202977 23209800
map 17318416 703750 23209800
map 17318416 101235 23209800
map 17318416 95855 25000000
map 17318416 100860 23209800
map 17318416 102200 23209800
map 17318416 690862 23209800
map 17318416 351596 23209800
map 17318416 581076 23209800
map 17318416 502022 23209800
map 17318416 339496 23209800
map 17318416 707830 23209800
map 17318416 445101 23209800
map 17318416 656625 23209800
map 17318416 224768 23209800
map 17318416 415840 23209800
map 17318416 347447 25000000
map 17318416 664121 23209800
map 17318416 560242 23209800
map 17318416 631692 23209800
map 17318416 559642 23209800
map 17318416 457841 23209800
map 17318416 699236 23209800
map 17318416 202853 23209800
map 17318416 644149 23209800
map 17318416 425024 23209800
map 17318416 430895 23209800
map 17318416 748201 23209800
map 17318416 134720 23209800
map 17318416 440487 23000000
map 17318416 449911 23209800
map 17318416 689642 23209800
map 17318416 448130 23209800
map 17318416 680246 23209800
map 17318416 470448 23209800
map 17318416 133319 23209800
map 17318416 97942 25000000
map 17318416 472011 23209800
map 17318416 237849 25000000
map 17318416 174631 23209800
map 17318416 503469 25000000
map 17318416 147904 25000000
map 17318416 577032 23209800
map 17318416 95076 25000000
map 17318416 132322 23209800
map 17318416 342486 23209800
map 17318416 643175 23209800
map 17318416 228919 23209800
map 17318416 375135 23209800
map 17318416 747447 23209800
map 17318416 2192774 23209800
map 17318416 238690 23209800
map 17318416 528084 23209800
map 17318416 392795 24000000
map 17318416 560480 23209800
map 17318416 714640 23209800
map 17318416 214552 23209800
map 17318416 48099 23209800
map 17318416 47603 25000000
map 17318416 53317 25000000
map 17318416 673521 23209800
map 17318416 125529 23209800
map 17318416 238394 23209800
map 17318416 565591 23209800
map 17318416 1282612 25000000
map 17318416 102534 23209800
map 17318416 103106 23209800
map 17318416 351386 23209800
map 17318416 592558 23209800
map 17318416 493669 25000000
map 17318416 104968 23209800
map 17318416 673850 23209800
map 17318416 115338 23209800
map 17318416 472520 23209800
map 17318416 262489 23209800
map 17318416 288902 23209800
map 17318416 621022 23209800
map 17318416 671098 24000000
map 17318416 533733 23209800
map 17318416 655490 23000000
map 17318416 621287 23209800
map 17318416 85805 23209800
map 17318416 44309 24000000
map 17318416 473902 23209800
map 17318416 102212 23209800
map 17318416 100058 23209800
map 17318416 437179 23209800
map 17318416 741851 23209800
map 17318416 717878 23209800
map 17318416 82120 23209800
map 17318416 359948 23209800
map 17318416 101478 23209800
map 17318416 78906 23209800
map 17318416 449467 23209800
map 17318416 75943 23209800
map 17318416 257663 23209800
map 17318416 108597 23209800
map 17318416 68959 23000000
map 17318416 173822 24000000
map 17318416 243806 23209800
map 17318416 133651 23209800
map 17318416 103438 23000000
map 17318416 363575 23209800
map 17318416 475688 23000000
map 17318416 300053 25000000
map 17318416 323498 23209800
map 17318416 342178 24000000
map 17318416 898135 23209800
map 17318416 786720 23209800
map 17318416 615171 23209800
map 17318416 295277 23209800
map 17318416 538456 23209800
map 17318416 301022 23209800
map 17318416 457262 23209800
map 17318416 487929 23209800
map 17318416 346054 25000000
map 17318416 566939 23209800
map 17318416 322790 23209800
map 17318416 62633 25000000
map 17318416 73864 23209800
map 17318416 261294 23209800
map 17318416 601439 23209800
map 17318416 386921 23209800
map 17318416 411864 23209800
map 17318416 623114 23209800
map 17318416 548689 22000000
map 17318416 97078 24000000
map 17318416 163641 24000000
map 17318416 66221 22000000
map 17318416 66901 24000000
map 17318416 68017 23000000
map 17318416 110237 23209800
map 17318416 131871 23209800
map 17318416 247183 23209800
map 17318416 122219 23209800
map 17318416 133271 23209800
map 17318416 127978 23209800
map 17318416 179932 23209800
map 17318416 84524 23209800
map 17318416 121920 23209800
map 17318416 94105 25000000
map 17318416 117919 23209800
map 17318416 531852 23209800
map 17318416 172313 23209800
map 17318416 98252 23209800
map 17318416 95589 24000000
map 17318416 104026 23209800
map 17318416 553152 25000000
map 17318416 101348 23209800
map 17318416 112024 23209800
map 17318416 166370 23209800
map 17318416 323619 25000000
map 17318416 101201 23209800
map 17318416 596576 23209800
map 17318416 104248 25000000
map 17318416 98170 24000000
map 17318416 716690 23209800
map 17318416 127679 23209800
map 17318416 175264 23209800
map 17318416 625863 24000000
map 17318416 91389 23209800
map 17318416 492953 23209800
map 17318416 407710 25000000
map 17318416 753540 23209800
map 17318416 135130 23209800
map 17318416 322511 23209800
map 17318416 72750 23209800
map 17318416 519297 23209800
map 17318416 128642 24000000
map 17318416 365421 23209800
map 17318416 166279 23209800
map 17318416 344755 23209800
map 17318416 622887 23209800
map 17318416 610192 23209800
map 17318416 91852 23209800
map 17318416 732147 23209800
map 17318416 85390 23209800
map 17318416 297101 23209800
map 17318416 78980 23209800
map 17318416 528528 23209800
map 17318416 295908 23209800
map 17318416 91686 23209800
map 17318416 127578 25000000
map 17318416 130776 23209800
map 17318416 114817 23209800
map 17318416 113022 23209800
map 17318416 104618 23209800
map 17318416 149123 23000000
map 17318416 97407 23209800
map 17318416 681018 23209800
map 17318416 673014 23209800
map 17318416 451753 23209800
map 17318416 132475 23000000
map 17318416 378134 23209800
map 17318416 738782 25000000
map 17318416 530738 25000000
map 17318416 317071 24000000
map 17318416 89685 22000000
map 17318416 126176 22000000
map 17318416 107124 21000000
map 17318416 89099 24000000
map 17318416 89111 23209800
map 17318416 96901 23209800
map 17318416 105604 25000000
map 17318416 570422 23209800
map 17318416 561334 23209800
map 17318416 467107 23209800
map 17318416 696746 23209800
map 17318416 233577 23209800
map 17318416 191185 23209800
map 17318416 486580 23209800
map 17318416 90582 23209800
map 17318416 92627 23209800
map 17318416 390667 23209800
map 17318416 719870 25000000
map 17318416 665762 23209800
map 17318416 550100 23209800
map 17318416 105847 24000000
map 17318416 470282 25000000
map 17318416 264914 23209800
map 17318416 174107 23209800
map 17318416 488897 23209800
map 17318416 79398 24000000
map 17318416 693004 23209800
map 17318416 542806 23209800
map 17318416 855686 21000000
map 17318416 600640 25000000
map 17318416 85073 23209800
map 17318416 83518 23209800
map 17318416 1070376 24000000
map 17318416 727693 23000000
map 17318416 1048108 22000000
map 17318416 837008 24000000
map 17318416 449467 23209800
map 17318416 1070376 22000000
map 17318416 727693 23000000
map 17318416 898135 23209800
map 17318416 342178 23209800
map 17318416 323498 23209800
map 17318416 300053 23209800
map 17318416 85073 20000000
map 17318416 297101 25000000
map 17318416 83518 23209800
map 17318416 732147 23209800
map 17318416 610192 23209800
map 17318416 90582 22000000
map 17318416 622887 23209800
map 17318416 92627 23209800
map 17318416 1048108 23000000
map 17318416 837008 23000000
map 17318416 855686 24000000
map 17318416 519297 23209800
map 17318416 600640 24000000
map 17318416 68017 25000000
map 17318416 66901 23000000
map 17318416 66221 23000000
map 17318416 62633 24000000
map 17318416 475688 23209800
map 17318416 103438 25000000
map 17318416 173822 23000000
map 17318416 68959 22000000
map 17318416 101478 23000000
map 17318416 359948 23209800
map 17318416 135130 24000000
map 17318416 83598 23000000
map 17318416 407710 23209800
map 17318416 81620 15000000
map 17318416 247183 25000000
map 17318416 67640 25000000
map 17318416 69935 22000000
map 17318416 625863 25000000
map 17318416 716690 23209800
map 17318416 98170 25000000
map 17318416 104248 25000000
map 17318416 89300 13000000
map 17318416 320530 25000000
map 17318416 503469 23209800
map 17318416 174631 25000000
map 17318416 472011 25000000
map 17318416 577487 25000000
map 17318416 565144 23209800
map 17318416 253438 23209800
map 17318416 216815 23209800
map 17318416 149123 17000000
map 17318416 390667 23209800
map 17318416 128642 25000000
map 17318416 470282 17000000
map 17318416 264914 23209800
map 17318416 130776 23209800
map 17318416 91686 25000000
map 17318416 295908 23209800
map 17318416 528528 23209800
map 17318416 550100 23209800
map 17318416 323619 23209800
map 17318416 101348 21000000
map 17318416 105847 23000000
map 17318416 98252 23209800
map 17318416 85705 24000000
map 17318416 531852 23209800
map 17318416 174107 23209800
map 17318416 488897 24000000
map 17318416 719870 25000000
map 17318416 665762 25000000
map 17318416 85805 25000000
map 17318416 437179 23209800
map 17318416 717878 23209800
map 17318416 671098 23209800
map 17318416 533733 23209800
map 17318416 714640 23209800
map 17318416 214552 23209800
map 17318416 102212 23000000
map 17318416 100058 23209800
map 17318416 731129 23209800
map 17318416 430895 23209800
map 17318416 748201 23209800
map 17318416 664121 25000000
map 17318416 559642 23209800
map 17318416 104968 24000000
map 17318416 673850 23209800
map 17318416 644149 23209800
map 17318416 425024 23209800
map 17318416 473902 23209800
map 17318416 493669 23209800
map 17318416 189406 23209800
map 17318416 89099 23209800
map 17318416 633691 23209800
map 17318416 97078 19000000
map 17318416 411864 23209800
map 17318416 386921 23209800
map 17318416 261294 25000000
map 17318416 346054 25000000
map 17318416 487929 23209800
map 17318416 301022 23209800
map 17318416 638680 23209800
map 17318416 501453 23209800
map 17318416 270547 23000000
map 17318416 196926 23209800
map 17318416 210174 24000000
map 17318416 520580 23209800
map 17318416 633116 23209800
map 17318416 317230 23209800
map 17318416 829559 21000000
map 17318416 561684 24000000
map 17318416 104146 23209800
map 17318416 107124 21000000
map 17318416 703750 23209800
map 17318416 202977 23209800
map 17318416 126176 23000000
map 17318416 95745 23209800
map 17318416 559155 23209800
map 17318416 89685 23000000
map 17318416 92533 23209800
map 17318416 94569 23209800
map 17318416 515589 23209800
map 17318416 317071 23209800
map 17318416 530738 23209800
map 17318416 143105 20000000
map 17318416 738782 23209800
map 17318416 82468 23209800
map 17318416 90747 23209800
map 17318416 378134 25000000
map 17318416 160269 23209800
map 17318416 129907 23209800
map 17318416 132475 23000000
map 17318416 101235 23209800
map 17318416 79398 22000000
map 17318416 96106 23209800
map 17318416 95406 25000000
map 17318416 96214 23209800
map 17318416 97892 25000000
map 17318416 310141 23209800
map 17318416 606167 25000000
map 17318416 443888 24000000
map 17318416 542806 25000000
map 17318416 693004 23209800
map 17318416 273926 23209800
map 17318416 486580 23209800
map 17318416 87365 25000000
map 17318416 191185 23209800
map 17318416 233577 23209800
map 17318416 434602 25000000
map 17318416 105604 23209800
map 17318416 569911 23000000
map 17318416 126713 17000000
map 17318416 696746 23209800
map 17318416 467107 23209800
map 17318416 124565 23209800
map 17318416 561334 23209800
map 17318416 347543 23209800
map 17318416 555227 23209800
map 17318416 570422 23209800
map 17318416 673014 23209800
map 17318416 681018 23209800
map 17318416 347421 23209800
map 17318416 366380 23209800
map 17318416 559917 23209800
map 17318416 451753 23209800
map 17318416 565181 25000000
map 17318416 488897 23209800
map 17318416 174107 23209800
map 17318416 461453 23209800
map 17318416 264914 23209800
map 17318416 367155 23209800
map 17318416 102936 23209800
map 17318416 470282 23209800
map 17318416 107118 23209800
map 17318416 550100 23209800
map 17318416 108862 23209800
map 17318416 665762 23209800
map 17318416 493624 23209800
map 17318416 497276 23209800
map 17318416 719870 23209800
map 17318416 226465 23209800
map 17318416 476414 23209800
map 17318416 101493 23209800
map 17318416 81620 23209800
map 17318416 83598 24000000
map 17318416 85705 24000000
map 17318416 105847 24000000
map 17318416 180386 23209800
map 17318416 837008 24000000
map 17318416 102590 23209800
map 17318416 102732 23209800
map 17318416 1048108 25000000
map 17318416 245249 17000000
map 17318416 727693 24000000
map 17318416 100299 23209800
map 17318416 785563 23209800
map 17318416 1070376 25000000
map 17318416 102013 23209800
map 17318416 351442 21000000
map 17318416 83518 23209800
map 17318416 111532 23209800
map 17318416 85073 23209800
map 17318416 336044 22000000
map 17318416 101555 23209800
map 17318416 600640 23209800
map 17318416 595614 23209800
map 17318416 93285 25000000
map 17318416 855686 23000000
map 17318416 102566 25000000
map 17318416 103293 23209800
map 17318416 109507 23209800
map 17318416 109423 24000000
map 17318416 390667 23209800
map 17318416 92627 23209800
map 17318416 90582 23209800
map 17318416 462301 23209800
map 17318416 328484 23209800
map 17318416 339496 23209800
map 17318416 209192 25000000
map 17318416 518279 23209800
map 17318416 162501 23209800
map 17318416 786608 25000000
map 17318416 390592 23209800
map 17318416 762112 25000000
map 17318416 239845 23209800
map 17318416 202853 25000000
map 17318416 457841 23209800
map 17318416 206937 23209800
map 17318416 1867244 23000000
map 17318416 631692 23209800
map 17318416 694791 23209800
map 17318416 464375 23209800
map 17318416 560242 23209800
map 17318416 715630 17000000
map 17318416 288902 23209800
map 17318416 262489 22000000
map 17318416 472520 23209800
map 17318416 187291 23209800
map 17318416 115338 25000000
map 17318416 418800 23209800
map 17318416 360819 23209800
map 17318416 318717 23209800
map 17318416 351386 23209800
map 17318416 121938 23209800
map 17318416 507048 18000000
map 17318416 261379 25000000
map 17318416 648785 23209800
map 17318416 36527 24000000
map 17318416 539688 20000000
map 17318416 405636 23209800
map 17318416 577032 23209800
map 17318416 120892 23209800
map 17318416 471092 23209800
map 17318416 747447 23209800
map 17318416 375135 25000000
map 17318416 160772 23209800
map 17318416 228919 23209800
map 17318416 625066 23209800
map 17318416 526998 23209800
map 17318416 133319 23209800
map 17318416 638014 17000000
map 17318416 807804 24000000
map 17318416 347447 23209800
map 17318416 415840 23209800
map 17318416 852672 23209800
map 17318416 224768 23209800
map 17318416 732528 23209800
map 17318416 656625 23209800
map 17318416 78990 23209800
map 17318416 491097 24000000
map 17318416 502022 23209800
map 17318416 780621 17000000
map 17318416 690862 23209800
map 17318416 666525 23209800
map 17318416 773220 25000000
map 17318416 97085 23209800
map 17318416 103106 24000000
map 17318416 117742 23209800
map 17318416 102534 24000000
map 17318416 560480 23209800
map 17318416 114974 24000000
map 17318416 118011 23209800
map 17318416 104742 24000000
map 17318416 1282612 23209800
map 17318416 565591 23209800
map 17318416 102387 25000000
map 17318416 238394 23209800
map 17318416 96754 25000000
map 17318416 125529 22000000
map 17318416 100582 25000000
map 17318416 96901 22000000
map 17318416 89111 23209800
map 17318416 89099 23209800
map 17318416 128452 25000000
map 17318416 121155 25000000
map 17318416 128994 25000000
map 17318416 741851 23209800
map 17318416 49623 24000000
map 17318416 592558 23209800
map 17318416 49595 24000000
map 17318416 255828 21000000
map 17318416 209632 23209800
map 17318416 44309 24000000
map 17318416 197588 23209800
map 17318416 621287 23209800
map 17318416 540582 22000000
map 17318416 655490 23209800
map 17318416 49090 24000000
map 17318416 621022 23209800
map 17318416 673521 23209800
map 17318416 53317 23209800
map 17318416 47603 24000000
map 17318416 48099 23209800
map 17318416 258836 23209800
map 17318416 98623 23209800
map 17318416 103338 25000000
map 17318416 481081 23209800
map 17318416 616483 23209800
map 17318416 667330 23209800
map 17318416 633682 23209800
map 17318416 85390 23209800
map 17318416 91852 23209800
map 17318416 97407 23209800
map 17318416 497828 23209800
map 17318416 104618 23209800
map 17318416 121920 23209800
map 17318416 361935 23209800
map 17318416 127978 23209800
map 17318416 393900 23209800
map 17318416 133271 23209800
map 17318416 166370 23209800
map 17318416 95745 23209800
map 17318416 113022 23209800
map 17318416 104146 23209800
map 17318416 129907 23209800
map 17318416 114817 23209800
map 17318416 117919 23209800
map 17318416 160269 23209800
map 17318416 577444 23209800
map 17318416 615171 23209800
map 17318416 72918 25000000
map 17318416 74556 25000000
map 17318416 63433 25000000
map 17318416 133651 23209800
map 17318416 243806 23209800
map 17318416 108597 19000000
map 17318416 249708 23209800
map 17318416 371108 23209800
map 17318416 295277 23209800
map 17318416 155147 23209800
map 17318416 166279 23209800
map 17318416 365421 23209800
map 17318416 72750 23209800
map 17318416 78980 18000000
map 17318416 196847 23209800
map 17318416 158054 23209800
map 17318416 786720 25000000
map 17318416 82186 23209800
map 17318416 344755 23209800
map 17318416 414074 23209800
map 17318416 103293 23209800
map 17318416 102013 23000000
map 17318416 100299 23209800
map 17318416 108862 23209800
map 17318416 107118 23209800
map 17318416 109423 23209800
map 17318416 109507 23209800
map 17318416 461453 23209800
map 17318416 565181 23209800
map 17318416 497276 23209800
map 17318416 493624 23209800
map 17318416 95406 23209800
map 17318416 96106 23209800
map 17318416 94569 23209800
map 17318416 92533 23209800
map 17318416 553152 23209800
map 17318416 596576 23209800
map 17318416 322511 23209800
map 17318416 111532 23209800
map 17318416 97892 23209800
map 17318416 96214 23209800
map 17318416 102732 23209800
map 17318416 102590 23209800
map 17318416 102566 23209800
map 17318416 101555 23209800
map 17318416 491097 23209800
map 17318416 189626 23209800
map 17318416 104235 23209800
map 17318416 92449 23209800
map 17318416 106095 25000000
map 17318416 78990 23209800
map 17318416 97124 25000000
map 17318416 120892 23209800
map 17318416 93850 25000000
map 17318416 101308 23209800
map 17318416 118877 23209800
map 17318416 539688 23209800
map 17318416 298332 23209800
map 17318416 588869 23209800
map 17318416 341605 23209800
map 17318416 475432 24000000
map 17318416 131708 23209800
map 17318416 488529 23209800
map 17318416 102528 23209800
map 17318416 780621 25000000
map 17318416 529786 23209800
map 17318416 113133 23000000
map 17318416 92327 23209800
map 17318416 95246 23209800
map 17318416 105180 23209800
map 17318416 95855 24000000
map 17318416 102953 23209800
map 17318416 81443 25000000
map 17318416 565144 23209800
map 17318416 537983 23209800
map 17318416 577487 23209800
map 17318416 417711 20000000
map 17318416 69206 18000000
map 17318416 69935 23000000
map 17318416 265962 23209800
map 17318416 75986 25000000
map 17318416 82898 25000000
map 17318416 562118 23209800
map 17318416 67640 21000000
map 17318416 117904 23209800
map 17318416 505557 23209800
map 17318416 447208 23209800
map 17318416 475204 23209800
map 17318416 216815 23209800
map 17318416 245464 23209800
map 17318416 735767 23209800
map 17318416 253438 24000000
map 17318416 561067 24000000
map 17318416 425719 23209800
map 17318416 528230 23209800
map 17318416 385293 23209800
map 17318416 89600 23209800
map 17318416 89300 23209800
map 17318416 100565 23209800
map 17318416 111173 23209800
map 17318416 648785 23209800
map 17318416 232083 23209800
map 17318416 507048 23209800
map 17318416 638014 23209800
map 17318416 320530 23209800
map 17318416 131871 23209800
map 17318416 234141 23209800
map 17318416 110237 25000000
map 17318416 77040 23209800
map 17318416 77176 23209800
map 17318416 79107 23209800
map 17318416 623114 20000000
map 17318416 196742 23209800
map 17318416 601439 25000000
map 17318416 325664 23209800
map 17318416 73864 23000000
map 17318416 163641 25000000
map 17318416 178893 23209800
map 17318416 75943 23209800
map 17318416 78906 23209800
map 17318416 82120 23209800
map 17318416 363575 23209800
map 17318416 69360 23209800
map 17318416 74012 23209800
map 17318416 79965 23209800
map 17318416 78705 23209800
map 17318416 257663 23209800
map 17318416 102204 24000000
map 17318416 402314 23209800
map 17318416 105402 23209800
map 17318416 131366 23209800
map 17318416 102200 23209800
map 17318416 322790 23209800
map 17318416 100860 25000000
map 17318416 94786 23209800
map 17318416 80174 23209800
map 17318416 91212 23209800
map 17318416 87612 23209800
map 17318416 185450 25000000
map 17318416 107735 24000000
map 17318416 107194 23209800
map 17318416 328173 23209800
map 17318416 566939 23209800
map 17318416 457262 23209800
map 17318416 538456 23209800
map 17318416 548689 23209800
map 17318416 90130 23209800
map 17318416 86561 23209800
map 17318416 82368 23209800
map 17318416 669617 23209800
map 17318416 79968 24000000
map 17318416 82064 25000000
map 17318416 91249 25000000
map 17318416 104172 23209800
map 17318416 458393 23209800
map 17318416 722526 23209800
map 17318416 439438 23209800
map 17318416 376919 23000000
map 17318416 404015 23209800
map 17318416 387089 23209800
map 17318416 696584 23209800
map 17318416 296397 23209800
map 17318416 604985 23209800
map 17318416 516795 23209800
map 17318416 242070 25000000
map 17318416 469025 23209800
map 17318416 106265 24000000
map 17318416 586618 23209800
map 17318416 535071 23209800
map 17318416 75986 23209800
map 17318416 102936 23209800
map 17318416 367155 23209800
map 17318416 226465 23209800
map 17318416 447208 23209800
map 17318416 117904 23209800
map 17318416 101493 23209800
map 17318416 476414 23209800
map 17318416 69206 25000000
map 17318416 81443 23209800
map 17318416 425719 25000000
map 17318416 245464 23209800
map 17318416 105180 23209800
map 17318416 95246 23209800
map 17318416 92327 23209800
map 17318416 101308 23209800
map 17318416 107194 23209800
map 17318416 107735 24000000
map 17318416 91212 23209800
map 17318416 94786 23209800
map 17318416 105402 23209800
map 17318416 102204 23209800
map 17318416 111173 23209800
map 17318416 100565 25000000
map 17318416 89600 23209800
map 17318416 102528 23209800
map 17318416 131708 25000000
map 17318416 341605 23209800
map 17318416 588869 23209800
map 17318416 97124 23209800
map 17318416 92449 23209800
map 17318416 104235 24000000
map 17318416 257663 23209800
map 17318416 110237 25000000
map 17318416 703722 23209800
map 17318416 176656 23209800
map 17318416 201437 25000000
map 17318416 363575 24000000
map 17318416 82120 23209800
map 17318416 78906 19000000
map 17318416 75943 21000000
map 17318416 143325 24000000
map 17318416 295277 24000000
map 17318416 236561 23209800
map 17318416 108597 23209800
map 17318416 243806 23209800
map 17318416 140443 23209800
map 17318416 133651 23209800
map 17318416 96004 24000000
map 17318416 93158 23209800
map 17318416 90605 23000000
map 17318416 267295 25000000
map 17318416 322790 23209800
map 17318416 548689 25000000
map 17318416 538456 21000000
map 17318416 457262 24000000
map 17318416 566939 23209800
map 17318416 163641 24000000
map 17318416 73864 22000000
map 17318416 601439 23209800
map 17318416 623114 23209800
map 17318416 131871 24000000
map 17318416 101493 23209800
map 17318416 476414 23209800
map 17318416 425719 25000000
map 17318416 245464 23209800
map 17318416 447208 23209800
map 17318416 117904 23209800
map 17318416 82898 23209800
map 17318416 75986 25000000
map 17318416 69206 24000000
map 17318416 81443 25000000
map 17318416 109423 23209800
map 17318416 497276 25000000
map 17318416 493624 23209800
map 17318416 108862 23209800
map 17318416 107118 23209800
map 17318416 102936 25000000
map 17318416 367155 23209800
map 17318416 461453 25000000
map 17318416 565181 18000000
map 17318416 226465 23209800
map 17318416 47603 23000000
map 17318416 85594 23209800
map 17318416 53317 24000000
map 17318416 88089 23209800
map 17318416 83488 24000000
map 17318416 673521 23209800
map 17318416 84098 24000000
map 17318416 560480 23209800
map 17318416 90916 23209800
map 17318416 655490 20000000
map 17318416 621287 23209800
map 17318416 86848 23209800
map 17318416 85972 23209800
map 17318416 44309 23000000
map 17318416 48099 24000000
map 17318416 86670 23209800
map 17318416 460666 23209800
map 17318416 124662 25000000
map 17318416 102534 23209800
map 17318416 103106 23209800
map 17318416 125529 22000000
map 17318416 100898 23209800
map 17318416 84205 24000000
map 17318416 472520 23209800
map 17318416 262489 21000000
map 17318416 88534 23209800
map 17318416 288902 17000000
map 17318416 80432 23209800
map 17318416 351386 24000000
map 17318416 78449 23209800
map 17318416 631692 24000000
map 17318416 457841 23209800
map 17318416 87317 23209800
map 17318416 202853 23209800
map 17318416 81606 23209800
map 17318416 82769 25000000
map 17318416 115338 23209800
map 17318416 92075 25000000
map 17318416 87322 25000000
map 17318416 78772 23209800
map 17318416 592558 23209800
map 17318416 741851 20000000
map 17318416 621022 23209800
map 17318416 673014 23209800
map 17318416 636226 23209800
map 17318416 146290 23209800
map 17318416 451753 25000000
map 17318416 455102 23209800
map 17318416 132838 23209800
map 17318416 715917 22000000
map 17318416 125201 24000000
map 17318416 317071 23000000
map 17318416 131954 18000000
map 17318416 599090 23209800
map 17318416 561334 22000000
map 17318416 164621 23209800
map 17318416 581208 23209800
map 17318416 467107 23209800
map 17318416 210478 25000000
map 17318416 145079 25000000
map 17318416 424074 23209800
map 17318416 696746 23209800
map 17318416 125675 23209800
map 17318416 681018 22000000
map 17318416 583748 25000000
map 17318416 178305 23209800
map 17318416 547220 23209800
map 17318416 220188 23209800
map 17318416 89685 21000000
map 17318416 126176 22000000
map 17318416 107124 22000000
map 17318416 132475 21000000
map 17318416 703722 23209800
map 17318416 495844 23209800
map 17318416 131443 23209800
map 17318416 817358 23209800
map 17318416 89111 25000000
map 17318416 96901 23209800
map 17318416 738118 23209800
map 17318416 105604 23209800
map 17318416 416287 23209800
map 17318416 233577 20000000
map 17318416 144242 25000000
map 17318416 238394 25000000
map 17318416 187405 23209800
map 17318416 129856 23209800
map 17318416 565591 23209800
map 17318416 1282612 24000000
map 17318416 92830 23209800
map 17318416 89099 23209800
map 17318416 304444 25000000
map 17318416 74922 23209800
map 17318416 191185 25000000
map 17318416 486580 22000000
map 17318416 570422 23209800
map 17318416 97416 23209800
map 17318416 84383 23209800
map 17318416 117919 23209800
map 17318416 95589 23209800
map 17318416 104026 23209800
map 17318416 114817 23209800
map 17318416 112024 25000000
map 17318416 113022 23209800
map 17318416 122219 25000000
map 17318416 104618 23209800
map 17318416 166370 25000000
map 17318416 133271 23209800
map 17318416 127978 23209800
map 17318416 172313 23209800
map 17318416 121920 23209800
map 17318416 127679 22000000
map 17318416 596576 23209800
map 17318416 553152 23209800
map 17318416 179932 23209800
map 17318416 84524 23209800
map 17318416 94105 25000000
map 17318416 101201 23209800
map 17318416 322511 23209800
map 17318416 107855 23209800
map 17318416 344755 23209800
map 17318416 786720 25000000
map 17318416 118808 25000000
map 17318416 615171 23209800
map 17318416 87362 23209800
map 17318416 122391 24000000
map 17318416 78980 23209800
map 17318416 72750 23209800
map 17318416 365421 25000000
map 17318416 166279 23209800
map 17318416 115007 23209800
map 17318416 97407 23209800
map 17318416 127578 23209800
map 17318416 91852 23209800
map 17318416 85390 23209800
map 17318416 102396 20000000
map 17318416 156801 23209800
map 17318416 138752 23209800
map 17318416 109119 25000000
map 17318416 445101 23209800
map 17318416 224768 23209800
map 17318416 83678 23209800
map 17318416 2192774 19000000
map 17318416 87743 23209800
map 17318416 415840 21000000
map 17318416 238690 25000000
map 17318416 347447 25000000
map 17318416 690862 23209800
map 17318416 528084 25000000
map 17318416 699236 23209800
map 17318416 87466 25000000
map 17318416 351596 23209800
map 17318416 85560 23209800
map 17318416 375135 21000000
map 17318416 85688 23209800
map 17318416 747447 23209800
map 17318416 581076 25000000
map 17318416 94125 25000000
map 17318416 656625 25000000
map 17318416 707830 23209800
map 17318416 80075 25000000
map 17318416 81570 23209800
map 17318416 84016 25000000
map 17318416 83084 23209800
map 17318416 502022 23000000
map 17318416 339496 23209800
map 17318416 560242 23209800
map 17318416 237849 23209800
map 17318416 376919 23209800
map 17318416 470448 23209800
map 17318416 147904 23209800
map 17318416 91389 24000000
map 17318416 95076 25000000
map 17318416 492953 23209800
map 17318416 753540 23209800
map 17318416 134720 19000000
map 17318416 577201 23209800
map 17318416 132322 23209800
map 17318416 607257 23209800
map 17318416 440487 23209800
map 17318416 689642 23209800
map 17318416 613879 23209800
map 17318416 175264 25000000
map 17318416 97942 24000000
map 17318416 223052 25000000
map 17318416 448130 23209800
map 17318416 230877 25000000
map 17318416 295725 23209800
map 17318416 558534 23209800
map 17318416 697243 23209800
map 17318416 643175 23209800
map 17318416 449911 23209800
map 17318416 680246 23209800
map 17318416 133319 23209800
map 17318416 228919 23209800
map 17318416 83144 23209800
map 17318416 392795 23209800
map 17318416 342486 23209800
map 17318416 86561 23209800
map 17318416 185450 23209800
map 17318416 87612 20000000
map 17318416 80174 24000000
map 17318416 82368 23209800
map 17318416 77176 23209800
map 17318416 77040 23209800
map 17318416 234141 23209800
map 17318416 178893 24000000
map 17318416 90130 23209800
map 17318416 79107 23209800
map 17318416 102953 23209800
map 17318416 95855 23209800
map 17318416 488529 23209800
map 17318416 475432 23209800
map 17318416 298332 23209800
map 17318416 113133 25000000
map 17318416 102200 23209800
map 17318416 131366 25000000
map 17318416 402314 23209800
map 17318416 328173 23209800
map 17318416 100860 24000000
map 17318416 249708 25000000
map 17318416 155147 25000000
map 17318416 414074 23209800
map 17318416 667330 23209800
map 17318416 616483 23209800
map 17318416 481081 23209800
map 17318416 497828 23209800
map 17318416 82186 23209800
map 17318416 158054 23209800
map 17318416 196847 23209800
map 17318416 633682 23209800
map 17318416 325664 23209800
map 17318416 196742 23209800
map 17318416 78705 25000000
map 17318416 79965 24000000
map 17318416 74556 25000000
map 17318416 72918 23209800
map 17318416 577444 23209800
map 17318416 371108 23000000
map 17318416 74012 24000000
map 17318416 69360 25000000
map 17318416 63433 25000000
map 17318416 156801 23209800
map 17318416 110989 25000000
map 17318416 93317 25000000
map 17318416 102396 25000000
map 17318416 122391 23209800
map 17318416 98150 25000000
map 17318416 94305 23209800
map 17318416 87362 23209800
map 17318416 110421 23209800
map 17318416 135623 23209800
map 17318416 117810 25000000
map 17318416 109119 23209800
map 17318416 116869 23209800
map 17318416 138752 23209800
map 17318416 91052 24000000
map 17318416 115007 23209800
map 17318416 93184 23000000
map 17318416 94862 23209800
map 17318416 104026 23209800
map 17318416 95589 23209800
map 17318416 172313 24000000
map 17318416 127578 23209800
map 17318416 492289 23209800
map 17318416 93158 25000000
map 17318416 693004 23209800
map 17318416 420176 23209800
map 17318416 542806 25000000
map 17318416 96004 25000000
map 17318416 96023 23209800
map 17318416 201437 23209800
map 17318416 176656 24000000
map 17318416 118670 25000000
map 17318416 63079 23209800
map 17318416 378134 24000000
map 17318416 738782 17000000
map 17318416 387856 23209800
map 17318416 143325 23209800
map 17318416 530738 21000000
map 17318416 471528 23209800
map 17318416 267295 25000000
map 17318416 90605 24000000
map 17318416 79398 24000000
map 17318416 203791 23209800
map 17318416 125843 23209800
map 17318416 117130 25000000
map 17318416 105091 23209800
map 17318416 118808 23209800
map 17318416 107855 23209800
map 17318416 140443 23209800
map 17318416 236561 23209800
map 17318416 680246 23209800
map 17318416 528230 23209800
map 17318416 449911 23209800
map 17318416 232083 25000000
map 17318416 118877 23209800
map 17318416 134720 23209800
map 17318416 95076 25000000
map 17318416 735767 21000000
map 17318416 475204 24000000
map 17318416 505557 23209800
map 17318416 385293 23209800
map 17318416 93850 23209800
map 17318416 106095 25000000
map 17318416 189626 23209800
map 17318416 529786 23209800
map 17318416 560545 23209800
map 17318416 84524 23209800
map 17318416 187481 25000000
map 17318416 179932 23209800
map 17318416 122219 23209800
map 17318416 562118 23209800
map 17318416 112024 25000000
map 17318416 265962 20000000
map 17318416 96168 24000000
map 17318416 172705 20000000
map 17318416 104790 25000000
map 17318416 94105 22000000
map 17318416 508042 23209800
map 17318416 127679 25000000
map 17318416 101201 23209800
map 17318416 417711 23209800
map 17318416 537983 23209800
map 17318416 561067 23209800
map 17318416 147904 25000000
map 17318416 237849 23209800
map 17318416 97942 25000000
map 17318416 175264 23209800
map 17318416 393900 23209800
map 17318416 361935 23209800
map 17318416 95679 15000000
map 17318416 100593 20000000
map 17318416 103036 12000000
map 17318416 130888 25000000
map 17318416 94862 23000000
map 17318416 93184 23209800
map 17318416 91052 25000000
map 17318416 508042 23209800
map 17318416 80505 25000000
map 17318416 81948 13000000
map 17318416 104790 25000000
map 17318416 172705 25000000
map 17318416 96168 23209800
map 17318416 403502 22000000
map 17318416 562118 23209800
map 17318416 327918 23209800
map 17318416 185500 12000000
map 17318416 187481 23000000
map 17318416 87538 23209800
map 17318416 560545 23209800
map 17318416 116885 23209800
map 17318416 93885 23000000
map 17318416 106099 23209800
map 17318416 105091 23209800
map 17318416 117130 23209800
map 17318416 116869 24000000
map 17318416 297294 14000000
map 17318416 117810 23209800
map 17318416 112000 14000000
map 17318416 103222 25000000
map 17318416 135623 23209800
map 17318416 110421 23209800
map 17318416 94305 24000000
map 17318416 190499 25000000
map 17318416 530808 14000000
map 17318416 98150 24000000
map 17318416 488806 19000000
map 17318416 93317 25000000
map 17318416 110989 24000000
map 17318416 477054 23209800
map 17318416 69337 19000000
map 17318416 118877 23209800
map 17318416 63586 23209800
map 17318416 74302 25000000
map 17318416 73033 12000000
map 17318416 529786 23209800
map 17318416 189626 24000000
map 17318416 106095 23209800
map 17318416 79677 12000000
map 17318416 74094 18000000
map 17318416 93850 23209800
map 17318416 113133 23209800
map 17318416 298332 25000000
map 17318416 475432 23209800
map 17318416 488529 23209800
map 17318416 577241 23209800
map 17318416 378672 19000000
map 17318416 243606 23209800
map 17318416 156889 11000000
map 17318416 102953 23209800
map 17318416 90008 22000000
map 17318416 79310 25000000
map 17318416 77801 25000000
map 17318416 76896 23209800
map 17318416 561067 23209800
map 17318416 537983 23209800
map 17318416 417711 23000000
map 17318416 265962 25000000
map 17318416 86271 20000000
map 17318416 78782 24000000
map 17318416 385293 23209800
map 17318416 505557 23209800
map 17318416 475204 23209800
map 17318416 735767 23209800
map 17318416 234836 13000000
map 17318416 178518 13000000
map 17318416 232083 23209800
map 17318416 326620 23209800
map 17318416 528230 23209800
map 17318416 192727 25000000
map 17318416 577444 23209800
map 17318416 371108 19000000
map 17318416 249708 18000000
map 17318416 155147 16000000
map 17318416 69360 25000000
map 17318416 63433 25000000
map 17318416 74556 23209800
map 17318416 72918 23209800
map 17318416 414074 21000000
map 17318416 82186 25000000
map 17318416 257961 23209800
map 17318416 418115 23209800
map 17318416 511329 18000000
map 17318416 382786 19000000
map 17318416 528315 23209800
map 17318416 233385 23209800
map 17318416 554276 23209800
map 17318416 544883 25000000
map 17318416 737962 16000000
map 17318416 466858 21000000
map 17318416 158054 23000000
map 17318416 481081 23209800
map 17318416 497828 23209800
map 17318416 393900 23209800
map 17318416 376366 22000000
map 17318416 196847 23000000
map 17318416 633682 18000000
map 17318416 667330 17000000
map 17318416 616483 23209800
map 17318416 557876 22000000
map 17318416 100299 23209800
map 17318416 558534 23209800
map 17318416 89099 23209800
map 17318416 295725 23209800
map 17318416 633691 23209800
map 17318416 102732 23209800
map 17318416 633116 23209800
map 17318416 230877 23209800
map 17318416 102590 23209800
map 17318416 102566 24000000
map 17318416 83144 23209800
map 17318416 613879 23209800
map 17318416 411864 23209800
map 17318416 607257 23209800
map 17318416 386921 23209800
map 17318416 109507 23209800
map 17318416 261294 23209800
map 17318416 103293 23209800
map 17318416 577201 23209800
map 17318416 102013 23209800
map 17318416 697243 23209800
map 17318416 189406 23209800
map 17318416 487929 23209800
map 17318416 301022 23209800
map 17318416 97078 24000000
map 17318416 87743 23209800
map 17318416 83678 23209800
map 17318416 94125 23209800
map 17318416 501453 23209800
map 17318416 439438 23209800
map 17318416 92533 23209800
map 17318416 95745 23209800
map 17318416 731129 21000000
map 17318416 722526 23209800
map 17318416 104146 23209800
map 17318416 458393 23209800
map 17318416 104172 23209800
map 17318416 129907 23209800
map 17318416 96214 23209800
map 17318416 196926 23209800
map 17318416 95406 23209800
map 17318416 82064 24000000
map 17318416 210174 23209800
map 17318416 79968 25000000
map 17318416 96106 23209800
map 17318416 520580 23000000
map 17318416 669617 23209800
map 17318416 638680 23209800
map 17318416 94569 23209800
map 17318416 317230 23209800
map 17318416 829559 23209800
map 17318416 561684 25000000
map 17318416 270547 23209800
map 17318416 404015 23209800
map 17318416 376919 25000000
map 17318416 223052 23000000
map 17318416 101555 24000000
map 17318416 111532 23209800
map 17318416 97892 23209800
map 17318416 87322 23209800
map 17318416 342178 23209800
map 17318416 323498 23209800
map 17318416 92075 23209800
map 17318416 300053 23209800
map 17318416 84098 25000000
map 17318416 83488 23209800
map 17318416 449467 23209800
map 17318416 81606 23209800
map 17318416 732147 23209800
map 17318416 610192 23209800
map 17318416 87317 23209800
map 17318416 622887 25000000
map 17318416 78449 23209800
map 17318416 898135 23209800
map 17318416 78772 23209800
map 17318416 297101 25000000
map 17318416 88089 23209800
map 17318416 85594 23209800
map 17318416 86670 25000000
map 17318416 128642 23209800
map 17318416 519297 23209800
map 17318416 66901 23000000
map 17318416 84016 23209800
map 17318416 66221 23209800
map 17318416 81570 23209800
map 17318416 80075 23209800
map 17318416 62633 25000000
map 17318416 346054 25000000
map 17318416 80432 23209800
map 17318416 103438 23209800
map 17318416 85688 23209800
map 17318416 173822 24000000
map 17318416 85560 23209800
map 17318416 87466 23209800
map 17318416 68959 25000000
map 17318416 68017 23000000
map 17318416 83084 23209800
map 17318416 359948 23209800
map 17318416 475688 23209800
map 17318416 88534 23209800
map 17318416 84205 23209800
map 17318416 82769 23209800
map 17318416 101478 23209800
map 17318416 79107 23209800
map 17318416 405636 23209800
map 17318416 36527 23000000
map 17318416 90130 23209800
map 17318416 86561 23209800
map 17318416 261379 25000000
map 17318416 526998 23209800
map 17318416 178893 23209800
map 17318416 356050 23209800
map 17318416 78992 16000000
map 17318416 234141 23209800
map 17318416 78992 25000000
map 17318416 77040 23209800
map 17318416 78992 25000000
map 17318416 77176 23209800
map 17318416 852672 23209800
map 17318416 773220 23209800
map 17318416 78705 24000000
map 17318416 196742 23209800
map 17318416 325664 23209800
map 17318416 625066 23209800
map 17318416 160772 23209800
map 17318416 471092 23209800
map 17318416 732528 23209800
map 17318416 100860 23209800
map 17318416 196013 19000000
map 17318416 637001 20000000
map 17318416 95855 23209800
map 17318416 668505 23209800
map 17318416 613801 23209800
map 17318416 328173 19000000
map 17318416 414138 20000000
map 17318416 402314 23209800
map 17318416 82215 23209800
map 17318416 131366 23000000
map 17318416 158643 20000000
map 17318416 102200 23209800
map 17318416 82368 23209800
map 17318416 80174 25000000
map 17318416 87612 23209800
map 17318416 185450 25000000
map 17318416 489732 23209800
map 17318416 492032 23209800
map 17318416 395840 23209800
map 17318416 633682 23209800
map 17318416 469025 23209800
map 17318416 196847 23209800
map 17318416 242070 23209800
map 17318416 158054 25000000
map 17318416 516795 25000000
map 17318416 604985 23209800
map 17318416 82186 23209800
map 17318416 497828 23209800
map 17318416 481081 23209800
map 17318416 616483 23209800
map 17318416 696584 23209800
map 17318416 387089 23209800
map 17318416 667330 25000000
map 17318416 393900 23209800
map 17318416 535071 23209800
map 17318416 586618 24000000
map 17318416 106265 25000000
map 17318416 91249 25000000
map 17318416 160269 23209800
map 17318416 361935 23209800
map 17318416 63433 24000000
map 17318416 786608 23209800
map 17318416 518279 25000000
map 17318416 69360 24000000
map 17318416 462301 23209800
map 17318416 74012 24000000
map 17318416 79965 23209800
map 17318416 464375 23209800
map 17318416 371108 20000000
map 17318416 577444 25000000
map 17318416 72918 24000000
map 17318416 74556 24000000
map 17318416 390592 23209800
map 17318416 296397 23209800
map 17318416 155147 23209800
map 17318416 249708 25000000
map 17318416 1867244 24000000
map 17318416 206937 23209800
map 17318416 239845 25000000
map 17318416 187291 23209800
map 17318416 414074 23209800
map 17318416 118011 23209800
map 17318416 404015 23209800
map 17318416 128452 25000000
map 17318416 104172 23209800
map 17318416 458393 23209800
map 17318416 100582 25000000
map 17318416 97085 23209800
map 17318416 117742 25000000
map 17318416 114974 23209800
map 17318416 128994 25000000
map 17318416 126713 20000000
map 17318416 124565 23209800
map 17318416 347543 23209800
map 17318416 121155 24000000
map 17318416 209632 23209800
map 17318416 586618 23209800
map 17318416 258836 25000000
map 17318416 535071 23209800
map 17318416 604985 23209800
map 17318416 98623 23209800
map 17318416 516795 24000000
map 17318416 49090 24000000
map 17318416 49623 23000000
map 17318416 49595 22000000
map 17318416 255828 23209800
map 17318416 82064 23209800
map 17318416 103338 25000000
map 17318416 104742 24000000
map 17318416 91249 23209800
map 17318416 106265 24000000
map 17318416 102387 24000000
map 17318416 96754 23209800
map 17318416 722526 23209800
map 17318416 439438 23209800
map 17318416 669617 23209800
map 17318416 79968 23209800
map 17318416 101235 23209800
map 17318416 703750 23209800
map 17318416 202977 23209800
map 17318416 559155 23209800
map 17318416 443888 25000000
map 17318416 351442 23209800
map 17318416 336044 23209800
map 17318416 595614 23209800
map 17318416 515589 23209800
map 17318416 310141 25000000
map 17318416 606167 23209800
map 17318416 569911 23209800
map 17318416 555227 25000000
map 17318416 273926 24000000
map 17318416 87365 24000000
map 17318416 434602 21000000
map 17318416 559917 23209800
map 17318416 143105 24000000
map 17318416 82468 23209800
map 17318416 90747 23209800
map 17318416 347421 22000000
map 17318416 366380 23209800
map 17318416 716690 23209800
map 17318416 84383 23209800
map 17318416 69935 25000000
map 17318416 97416 23209800
map 17318416 577487 23209800
map 17318416 98170 24000000
map 17318416 565144 23209800
map 17318416 104248 23209800
map 17318416 135130 23209800
map 17318416 253438 23000000
map 17318416 85705 23000000
map 17318416 92830 23209800
map 17318416 129856 23209800
map 17318416 83598 23000000
map 17318416 174631 23209800
map 17318416 472011 23209800
map 17318416 187405 23209800
map 17318416 81620 25000000
map 17318416 625863 23209800
map 17318416 74922 23209800
map 17318416 67640 24000000
map 17318416 216815 23209800
map 17318416 89300 25000000
map 17318416 715917 23209800
map 17318416 455102 23209800
map 17318416 636226 23209800
map 17318416 320530 23209800
map 17318416 583748 24000000
map 17318416 36527 23000000
map 17318416 405636 23209800
map 17318416 577032 23209800
map 17318416 599090 23209800
map 17318416 503469 23209800
map 17318416 460666 23209800
map 17318416 91686 23209800
map 17318416 295908 23209800
map 17318416 100898 23209800
map 17318416 144242 23209800
map 17318416 528528 23209800
map 17318416 149123 21000000
map 17318416 85972 23209800
map 17318416 101348 23209800
map 17318416 98252 23209800
map 17318416 86848 23209800
map 17318416 90916 25000000
map 17318416 531852 23209800
map 17318416 124662 23209800
map 17318416 130776 25000000
map 17318416 416287 25000000
map 17318416 738118 23209800
map 17318416 817358 23209800
map 17318416 304444 20000000
map 17318416 407710 23209800
map 17318416 247183 23209800
map 17318416 323619 23209800
map 17318416 762112 22000000
map 17318416 206937 23209800
map 17318416 1867244 23209800
map 17318416 418800 23209800
map 17318416 464375 23209800
map 17318416 360819 23209800
map 17318416 318717 25000000
map 17318416 462301 23209800
map 17318416 715630 25000000
map 17318416 328484 19000000
map 17318416 209192 23209800
map 17318416 162501 23209800
map 17318416 239845 23209800
map 17318416 296397 23209800
map 17318416 187291 23209800
map 17318416 121938 23209800
map 17318416 197588 23000000
map 17318416 540582 23000000
map 17318416 242070 23209800
map 17318416 469025 23209800
map 17318416 387089 23209800
map 17318416 696584 23209800
map 17318416 120892 23209800
map 17318416 160772 23209800
map 17318416 495844 23209800
map 17318416 625066 23209800
map 17318416 78990 23209800
map 17318416 526998 23209800
map 17318416 491097 23209800
map 17318416 780621 23209800
map 17318416 261379 23209800
map 17318416 638014 23209800
map 17318416 424074 23209800
map 17318416 581208 23209800
map 17318416 507048 23209800
map 17318416 164621 23209800
map 17318416 732528 23209800
map 17318416 648785 24000000
map 17318416 131443 23209800
map 17318416 539688 23209800
map 17318416 471092 23209800
map 17318416 666525 23209800
map 17318416 852672 23209800
map 17318416 807804 23209800
map 17318416 694791 25000000
map 17318416 518279 23209800
map 17318416 786608 23209800
map 17318416 390592 23209800
map 17318416 773220 23209800
map 17318416 341531 23209800
map 17318416 643339 23209800
map 17318416 528502 25000000
map 17318416 669211 22000000
map 17318416 273732 23209800
map 17318416 81698 24000000
map 17318416 75557 24000000
map 17318416 448212 23209800
map 17318416 123251 23209800
map 17318416 83756 23209800
map 17318416 412945 24000000
map 17318416 93285 23209800
map 17318416 180386 25000000
map 17318416 245249 23209800
map 17318416 80480 23209800
map 17318416 72963 25000000
map 17318416 204887 25000000
map 17318416 574709 23209800
map 17318416 785563 23209800
map 17318416 505514 23209800
map 17318416 108417 25000000
map 17318416 75140 23209800
map 17318416 375632 25000000
reduce 603717898
reduce 603717898
reduce 603717898
reduce 603717898
reduce 603717898
reduce 603717898
reduce 603717898
reduce 603717898
