map 17318416 185458 28000000
map 17318416 403460 25843537
map 17318416 102994 27000000
map 17318416 100551 13000000
map 17318416 327876 25843537
map 17318416 130846 25843537
map 17318416 95637 25843537
map 17318416 102994 25843537
map 17318416 403460 25843537
map 17318416 103180 25843537
map 17318416 100551 25843537
map 17318416 185458 25843537
map 17318416 86229 25843537
map 17318416 80463 25843537
map 17318416 327876 25843537
map 17318416 81906 28000000
map 17318416 87496 25843537
map 17318416 80463 25843537
map 17318416 403460 25843537
map 17318416 185458 25843537
map 17318416 130846 25843537
map 17318416 87496 25843537
map 17318416 327876 25843537
map 17318416 77759 28000000
map 17318416 86229 25843537
map 17318416 79268 25843537
map 17318416 87496 25843537
map 17318416 89966 25843537
map 17318416 81906 25843537
map 17318416 81906 25843537
map 17318416 89966 25843537
map 17318416 80463 25843537
map 17318416 488764 25843537
map 17318416 93843 12000000
map 17318416 190457 25843537
map 17318416 116843 27000000
map 17318416 530766 25843537
map 17318416 106057 25843537
map 17318416 233343 25843537
map 17318416 93843 28000000
map 17318416 528273 27000000
map 17318416 488764 28000000
map 17318416 297252 25843537
map 17318416 103180 25843537
map 17318416 477012 25843537
map 17318416 111958 25843537
map 17318416 530766 25843537
map 17318416 488764 25843537
map 17318416 297252 25843537
map 17318416 190457 27000000
map 17318416 477012 25843537
map 17318416 106057 25843537
map 17318416 530766 25843537
map 17318416 130846 27000000
map 17318416 102994 25843537
map 17318416 95637 25843537
map 17318416 297252 28000000
map 17318416 103180 28000000
map 17318416 100551 25843537
map 17318416 477012 25843537
map 17318416 111958 25843537
map 17318416 95637 28000000
map 17318416 111958 25843537
map 17318416 577199 22000000
map 17318416 74260 25000000
map 17318416 243564 25843537
map 17318416 414096 25843537
map 17318416 63544 28000000
map 17318416 72991 27000000
map 17318416 156847 25843537
map 17318416 378630 28000000
map 17318416 74260 27000000
map 17318416 69295 27000000
map 17318416 577199 25843537
map 17318416 243564 25843537
map 17318416 74052 27000000
map 17318416 72991 27000000
map 17318416 63544 27000000
map 17318416 378630 25843537
map 17318416 158601 25843537
map 17318416 414096 25843537
map 17318416 636959 25843537
map 17318416 82173 25843537
map 17318416 195971 25843537
map 17318416 156847 25843537
map 17318416 378630 27000000
map 17318416 577199 25843537
map 17318416 414096 25843537
map 17318416 243564 25843537
map 17318416 158601 25843537
map 17318416 72991 25000000
map 17318416 378630 25843537
map 17318416 156847 25843537
map 17318416 82173 27000000
map 17318416 613759 25843537
map 17318416 195971 25843537
map 17318416 668463 25843537
map 17318416 195971 25843537
map 17318416 82173 25843537
map 17318416 489690 25843537
map 17318416 668463 25843537
map 17318416 158601 25843537
map 17318416 636959 25843537
map 17318416 414096 25843537
map 17318416 82173 25843537
map 17318416 156847 25843537
map 17318416 243564 25843537
map 17318416 77759 22000000
map 17318416 326578 25843537
map 17318416 234794 28000000
map 17318416 78740 28000000
map 17318416 178476 25843537
map 17318416 79268 25843537
map 17318416 76854 25843537
map 17318416 192685 25843537
map 17318416 234794 25843537
map 17318416 89966 22000000
map 17318416 77759 25843537
map 17318416 326578 25843537
map 17318416 76854 25843537
map 17318416 79268 25843537
map 17318416 86229 28000000
map 17318416 326578 28000000
map 17318416 74052 28000000
map 17318416 78740 28000000
map 17318416 63544 25843537
map 17318416 178476 25843537
map 17318416 192685 25843537
map 17318416 79635 25843537
map 17318416 69295 28000000
map 17318416 234794 27000000
map 17318416 326578 25843537
map 17318416 74052 28000000
map 17318416 78740 25843537
map 17318416 178476 25843537
map 17318416 76854 25843537
map 17318416 192685 25843537
map 17318416 79635 28000000
map 17318416 577199 25843537
map 17318416 63544 25843537
map 17318416 72991 25843537
map 17318416 69295 28000000
map 17318416 79635 28000000
map 17318416 74260 27000000
map 17318416 74260 28000000
map 17318416 79635 28000000
map 17318416 69295 25843537
map 17318416 78740 28000000
map 17318416 74052 25843537
map 17318416 192685 25843537
map 17318416 79923 26000000
map 17318416 74514 28000000
map 17318416 63391 28000000
map 17318416 69318 25843537
map 17318416 73970 27000000
map 17318416 249666 25843537
map 17318416 371066 28000000
map 17318416 577402 25843537
map 17318416 72876 27000000
map 17318416 155105 25843537
map 17318416 77134 25843537
map 17318416 79065 25843537
map 17318416 90088 25843537
map 17318416 86519 25843537
map 17318416 325622 25843537
map 17318416 178851 25843537
map 17318416 234099 23000000
map 17318416 76998 25843537
map 17318416 78663 28000000
map 17318416 196700 28000000
map 17318416 257919 26000000
map 17318416 554234 25843537
map 17318416 557834 28000000
map 17318416 418073 25843537
map 17318416 376324 28000000
map 17318416 737920 28000000
map 17318416 511287 25843537
map 17318416 544841 25843537
map 17318416 466816 25843537
map 17318416 554234 28000000
map 17318416 737920 22000000
map 17318416 418073 25843537
map 17318416 544841 28000000
map 17318416 116843 25843537
map 17318416 382744 25843537
map 17318416 233343 20000000
map 17318416 528273 25843537
map 17318416 511287 24000000
map 17318416 466816 25843537
map 17318416 382744 25843537
map 17318416 196805 25843537
map 17318416 82144 24000000
map 17318416 414032 21000000
map 17318416 667288 25843537
map 17318416 481039 25843537
map 17318416 633640 25843537
map 17318416 616441 25843537
map 17318416 196805 25843537
map 17318416 667288 25843537
map 17318416 158012 25843537
map 17318416 633640 25843537
map 17318416 393858 27000000
map 17318416 557834 25843537
map 17318416 497786 21000000
map 17318416 376324 25843537
map 17318416 481039 25843537
map 17318416 393858 25843537
map 17318416 616441 25843537
map 17318416 497786 25843537
map 17318416 257919 25843537
map 17318416 481039 25843537
map 17318416 667288 25843537
map 17318416 616441 25843537
map 17318416 633640 27000000
map 17318416 158012 27000000
map 17318416 196805 25843537
map 17318416 667288 25843537
map 17318416 82144 22000000
map 17318416 158012 28000000
map 17318416 633640 25843537
map 17318416 414032 25843537
map 17318416 497786 25843537
map 17318416 497786 25843537
map 17318416 376324 25843537
map 17318416 481039 25843537
map 17318416 393858 25843537
map 17318416 616441 25843537
map 17318416 257919 28000000
map 17318416 554234 25843537
map 17318416 557834 25843537
map 17318416 418073 25843537
map 17318416 376324 25843537
map 17318416 257919 25843537
map 17318416 393858 25843537
map 17318416 557834 25843537
map 17318416 74514 23000000
map 17318416 69318 28000000
map 17318416 577402 25843537
map 17318416 63391 28000000
map 17318416 73970 28000000
map 17318416 72876 25843537
map 17318416 69318 28000000
map 17318416 79923 28000000
map 17318416 74514 25843537
map 17318416 63391 21000000
map 17318416 73970 27000000
map 17318416 78663 25843537
map 17318416 249666 25843537
map 17318416 371066 25843537
map 17318416 72876 27000000
map 17318416 155105 25843537
map 17318416 371066 28000000
map 17318416 72876 28000000
map 17318416 577402 25843537
map 17318416 74514 22000000
map 17318416 63391 21000000
map 17318416 82144 28000000
map 17318416 196805 23000000
map 17318416 155105 25843537
map 17318416 414032 25843537
map 17318416 158012 25843537
map 17318416 249666 25843537
map 17318416 155105 28000000
map 17318416 82144 25843537
map 17318416 371066 28000000
map 17318416 414032 25843537
map 17318416 249666 23000000
map 17318416 577402 25843537
map 17318416 477012 28000000
map 17318416 190457 25843537
map 17318416 488764 25843537
map 17318416 106057 28000000
map 17318416 530766 25843537
map 17318416 95637 25843537
map 17318416 103180 25843537
map 17318416 111958 25843537
map 17318416 297252 25843537
map 17318416 403460 25843537
map 17318416 130846 25843537
map 17318416 102994 25843537
map 17318416 100551 25843537
map 17318416 511287 28000000
map 17318416 466816 25843537
map 17318416 544841 28000000
map 17318416 737920 25843537
map 17318416 554234 25843537
map 17318416 544841 25843537
map 17318416 418073 25843537
map 17318416 233343 25843537
map 17318416 382744 28000000
map 17318416 528273 25843537
map 17318416 511287 25843537
map 17318416 382744 25843537
map 17318416 466816 25843537
map 17318416 737920 28000000
map 17318416 190457 23000000
map 17318416 93843 25843537
map 17318416 106057 25843537
map 17318416 116843 25843537
map 17318416 93843 25843537
map 17318416 233343 28000000
map 17318416 528273 25843537
map 17318416 116843 25843537
map 17318416 232041 25843537
map 17318416 385251 25843537
map 17318416 93808 25843537
map 17318416 189584 25843537
map 17318416 528188 25843537
map 17318416 106053 25843537
map 17318416 118835 25843537
map 17318416 505515 25843537
map 17318416 385251 25843537
map 17318416 475162 25843537
map 17318416 232041 25843537
map 17318416 93808 25843537
map 17318416 505515 25843537
map 17318416 356008 22000000
map 17318416 528188 25843537
map 17318416 735725 25843537
map 17318416 118835 25843537
map 17318416 298290 25843537
map 17318416 488487 25843537
map 17318416 475390 25843537
map 17318416 529744 25843537
map 17318416 106053 25843537
map 17318416 488487 25843537
map 17318416 232041 25843537
map 17318416 189584 25843537
map 17318416 93808 25843537
map 17318416 118835 25843537
map 17318416 528188 28000000
map 17318416 106053 28000000
map 17318416 529744 25843537
map 17318416 113091 25843537
map 17318416 118835 25843537
map 17318416 113091 25843537
map 17318416 475390 28000000
map 17318416 95813 23000000
map 17318416 529744 25843537
map 17318416 488487 25843537
map 17318416 298290 25843537
map 17318416 102911 25843537
map 17318416 189584 26000000
map 17318416 529744 21000000
map 17318416 475390 25843537
map 17318416 106053 25843537
map 17318416 93808 25843537
map 17318416 189584 25843537
map 17318416 668463 21000000
map 17318416 395798 25843537
map 17318416 265920 25843537
map 17318416 489690 25843537
map 17318416 537941 25843537
map 17318416 491990 25843537
map 17318416 562076 25843537
map 17318416 613759 28000000
map 17318416 417669 25843537
map 17318416 636959 25843537
map 17318416 489690 25843537
map 17318416 668463 21000000
map 17318416 395798 25843537
map 17318416 265920 28000000
map 17318416 195971 25843537
map 17318416 636959 25843537
map 17318416 491990 25843537
map 17318416 613759 25843537
map 17318416 158601 25843537
map 17318416 562076 25843537
map 17318416 735725 25843537
map 17318416 505515 25843537
map 17318416 537941 25843537
map 17318416 417669 25843537
map 17318416 562076 25843537
map 17318416 561025 25843537
map 17318416 475162 25843537
map 17318416 265920 28000000
map 17318416 537941 28000000
map 17318416 735725 25843537
map 17318416 395798 25843537
map 17318416 489690 25843537
map 17318416 562076 25843537
map 17318416 417669 25843537
map 17318416 561025 25843537
map 17318416 491990 25843537
map 17318416 613759 16000000
map 17318416 528188 25843537
map 17318416 385251 25843537
map 17318416 475162 25843537
map 17318416 491990 23000000
map 17318416 475162 25843537
map 17318416 232041 28000000
map 17318416 561025 25843537
map 17318416 385251 25843537
map 17318416 356008 16000000
map 17318416 537941 25843537
map 17318416 505515 25843537
map 17318416 735725 27000000
map 17318416 356008 25843537
map 17318416 417669 25843537
map 17318416 561025 25843537
map 17318416 356008 28000000
map 17318416 265920 25843537
map 17318416 395798 25843537
map 17318416 77134 25843537
map 17318416 90088 28000000
map 17318416 234099 25843537
map 17318416 82326 25843537
map 17318416 76998 25843537
map 17318416 79065 28000000
map 17318416 80132 25843537
map 17318416 86519 25843537
map 17318416 77134 25843537
map 17318416 87570 22000000
map 17318416 90088 25843537
map 17318416 82326 25843537
map 17318416 79065 25843537
map 17318416 80132 25843537
map 17318416 185408 25843537
map 17318416 86519 25843537
map 17318416 196700 25843537
map 17318416 234099 25843537
map 17318416 325622 25843537
map 17318416 76998 25843537
map 17318416 79065 25843537
map 17318416 178851 28000000
map 17318416 178851 26000000
map 17318416 76998 25843537
map 17318416 77134 28000000
map 17318416 69318 25843537
map 17318416 79923 28000000
map 17318416 196700 25843537
map 17318416 73970 28000000
map 17318416 78663 28000000
map 17318416 325622 25843537
map 17318416 178851 28000000
map 17318416 79923 20000000
map 17318416 196700 25843537
map 17318416 78663 25843537
map 17318416 325622 25843537
map 17318416 234099 25843537
map 17318416 402272 25843537
map 17318416 113091 25843537
map 17318416 102158 21000000
map 17318416 95813 25843537
map 17318416 131324 25843537
map 17318416 298290 25843537
map 17318416 100818 21000000
map 17318416 102911 25843537
map 17318416 102158 28000000
map 17318416 113091 27000000
map 17318416 475390 25843537
map 17318416 95813 25843537
map 17318416 298290 25843537
map 17318416 102911 28000000
map 17318416 100818 28000000
map 17318416 488487 25843537
map 17318416 80132 21000000
map 17318416 328131 22000000
map 17318416 87570 25843537
map 17318416 185408 25843537
map 17318416 102158 28000000
map 17318416 402272 25843537
map 17318416 328131 23000000
map 17318416 100818 25843537
map 17318416 102911 25843537
map 17318416 131324 27000000
map 17318416 131324 21000000
map 17318416 100818 27000000
map 17318416 95813 25843537
map 17318416 90088 28000000
map 17318416 82326 25843537
map 17318416 328131 25843537
map 17318416 87570 25843537
map 17318416 185408 25843537
map 17318416 80132 25843537
map 17318416 402272 25843537
map 17318416 86519 20000000
map 17318416 328131 25843537
map 17318416 87570 25843537
map 17318416 82326 25843537
map 17318416 131324 25843537
map 17318416 185408 25843537
map 17318416 402272 22000000
map 17318416 102158 20000000
map 17318416 178476 25843537
map 17318416 185458 25843537
map 17318416 327876 25843537
map 17318416 87496 25843537
map 17318416 89966 23000000
map 17318416 86229 25843537
map 17318416 81906 25843537
map 17318416 80463 25843537
map 17318416 234794 25843537
map 17318416 76854 25843537
map 17318416 77759 25843537
map 17318416 79268 25843537
reduce 136271896
