Time(us)	NumAllCore	NumIdleCore	NumTaskWait	NumTaskReady	NumTaskDone	Throughput
1418835240028884	16	2	16	0	0	0
1418835241035487	16	2	15	87	0	0
1418835242042092	16	0	0	108	0	0
1418835243048820	16	0	0	108	0	0
1418835244056093	16	0	0	108	0	0
1418835245063061	16	0	0	108	0	0
1418835246070239	16	0	0	108	0	0
1418835247077367	16	0	0	108	0	0
1418835248084193	16	0	0	108	0	0
1418835249091239	16	0	0	108	0	0
1418835250098602	16	0	0	108	0	0
1418835251106082	16	0	0	108	0	0
1418835252113125	16	0	0	108	0	0
1418835253120211	16	0	0	108	0	0
1418835254127176	16	0	0	108	0	0
1418835255133928	16	0	0	108	0	0
1418835256140792	16	0	0	108	0	0
1418835257150833	16	0	0	108	0	0
1418835258157693	16	0	0	108	0	0
1418835259164344	16	0	0	108	0	0
1418835260171147	16	0	0	94	14	13.9054
1418835261177738	16	0	0	92	16	1.9869
1418835262186015	16	0	0	92	16	0
1418835263192964	16	0	0	92	16	0
1418835264199847	16	0	0	92	16	0
1418835265206701	16	0	0	92	16	0
1418835266213802	16	0	0	92	16	0
1418835267221981	16	0	0	92	16	0
1418835268230041	16	0	0	92	16	0
1418835269236678	16	0	0	92	16	0
1418835270243466	16	0	0	92	16	0
1418835271250259	16	0	0	92	16	0
1418835272257689	16	0	0	92	16	0
1418835273264385	16	0	0	92	16	0
1418835274271486	16	0	0	92	16	0
1418835275278252	16	0	0	92	16	0
1418835276284872	16	0	0	92	16	0
1418835277292211	16	0	0	92	16	0
1418835278299024	16	0	0	89	19	2.9797
1418835279305625	16	0	0	77	31	11.9213
1418835280312407	16	0	0	76	32	0.993264
1418835281319498	16	0	0	76	32	0
1418835282326327	16	0	0	76	32	0
1418835283332968	16	0	0	76	32	0
1418835284339894	16	0	0	76	32	0
1418835285346997	16	0	0	76	32	0
1418835286354830	16	0	0	76	32	0
1418835287362165	16	0	0	76	32	0
1418835288368938	16	0	0	76	32	0
1418835289375469	16	0	0	76	32	0
1418835290382462	16	0	0	76	32	0
1418835291389363	16	0	0	76	32	0
1418835292396698	16	0	0	76	32	0
1418835293403485	16	0	0	76	32	0
1418835294410221	16	0	0	76	32	0
1418835295416810	16	0	0	75	33	0.993454
1418835296423705	16	0	0	74	34	0.993152
1418835297430462	16	0	0	70	38	3.97315
1418835298437595	16	0	0	63	45	6.95042
1418835299444505	16	0	0	62	46	0.993137
1418835300451502	16	0	0	61	47	0.993052
1418835301458574	16	0	0	60	48	0.992978
1418835302465977	16	0	0	60	48	0
1418835303473441	16	0	0	60	48	0
1418835304484706	16	0	0	60	48	0
1418835305491480	16	0	0	60	48	0
1418835306498441	16	0	0	60	48	0
1418835307505345	16	0	0	60	48	0
1418835308512449	16	0	0	60	48	0
1418835309519564	16	0	0	60	48	0
1418835310526668	16	0	0	60	48	0
1418835311533742	16	0	0	60	48	0
1418835312541189	16	0	0	60	48	0
1418835313548309	16	0	0	60	48	0
1418835314555686	16	0	0	57	51	2.97803
1418835315562471	16	0	0	57	51	0
1418835316569574	16	0	0	54	54	2.97884
1418835317576556	16	0	0	47	61	6.95146
1418835318583787	16	0	0	46	62	0.992821
1418835319590832	16	0	0	45	63	0.993004
1418835320598064	16	0	0	45	63	0
1418835321605570	16	0	0	44	64	0.99255
1418835322612744	16	0	0	44	64	0
1418835323619835	16	0	0	44	64	0
1418835324626694	16	0	0	44	64	0
1418835325633439	16	0	0	44	64	0
1418835326640495	16	0	0	44	64	0
1418835327647296	16	0	0	44	64	0
1418835328654404	16	0	0	44	64	0
1418835329661186	16	0	0	44	64	0
1418835330668255	16	0	0	44	64	0
1418835331675432	16	0	0	44	64	0
1418835332682477	16	0	0	44	64	0
1418835333689446	16	0	0	40	68	3.97232
1418835334697644	16	0	0	40	68	0
1418835335704734	16	0	0	38	70	1.98592
1418835336711839	16	0	0	32	76	5.95767
1418835337718613	16	0	0	30	78	1.98654
1418835338725824	16	0	0	29	79	0.992841
1418835339732518	16	0	0	29	79	0
1418835340739787	16	0	0	28	80	0.992783
1418835341746638	16	0	0	28	80	0
1418835342753661	16	0	0	28	80	0
1418835343760519	16	0	0	28	80	0
1418835344767386	16	0	0	28	80	0
1418835345773996	16	0	0	28	80	0
1418835346780911	16	0	0	28	80	0
1418835347788701	16	0	0	28	80	0
1418835348796862	16	0	0	28	80	0
1418835349803635	16	0	0	28	80	0
1418835350810593	16	0	0	28	80	0
1418835351817511	16	0	0	27	81	0.99313
1418835352824211	16	0	0	23	85	3.97338
1418835353830971	16	0	0	23	85	0
1418835354837923	16	0	0	21	87	1.98619
1418835355845653	16	0	0	17	91	3.96932
1418835356852608	16	0	0	14	94	2.97928
1418835357859147	16	0	0	13	95	0.993503
1418835358865904	16	0	0	13	95	0
1418835359872618	16	0	0	12	96	0.993331
1418835360879568	16	0	0	12	96	0
1418835361886387	16	0	0	12	96	0
1418835362893630	16	0	0	12	96	0
1418835363900628	16	0	0	12	96	0
1418835364907803	16	0	0	12	96	0
1418835365914547	16	0	0	12	96	0
1418835366921265	16	0	0	12	96	0
1418835367928225	16	0	0	11	97	0.993088
1418835368934938	16	0	0	11	97	0
1418835369941689	16	0	0	11	97	0
1418835370948713	16	0	0	11	97	0
1418835371955720	16	1	0	8	101	3.97217
1418835372963120	16	2	0	8	102	0.992654
1418835373970995	16	2	0	6	104	1.98437
1418835374978308	16	2	0	3	107	2.97822
1418835375985263	16	2	0	0	110	2.97928
1418835376992270	16	3	0	0	111	0.993042
1418835377999123	16	3	0	0	111	0
1418835379005948	16	3	0	0	111	0
1418835380012619	16	3	0	0	111	0
1418835381019553	16	3	0	0	111	0
1418835382026198	16	4	0	0	112	0.993399
1418835383033123	16	4	0	0	112	0
1418835384039683	16	4	0	0	112	0
1418835385046658	16	4	0	0	112	0
1418835386053379	16	4	0	0	112	0
1418835387060392	16	5	0	0	113	0.993036
1418835388067439	16	5	0	0	113	0
1418835389074354	16	5	0	0	113	0
1418835390082073	16	5	0	0	113	0
1418835391092507	16	6	0	0	114	0.989674
1418835392099954	16	6	0	0	114	0
1418835393106768	16	10	0	0	118	3.97293
1418835394113596	16	11	0	0	119	0.993218
1418835395120338	16	15	0	0	123	3.97321
1418835396127043	16	15	0	0	124	0.99334
1418835397133940	16	15	0	0	124	0
1418835398140509	16	15	0	0	124	0
1418835399147434	16	15	0	0	124	0
1418835400154533	16	15	0	0	124	0
1418835401171916	16	15	0	0	124	0
1418835402178982	16	15	0	0	124	0
1418835403185968	16	15	0	0	124	0
1418835404193001	16	16	0	0	125	0.993016
