map 26843545 0 38000000
map 26843545 0 36000000
map 26843545 0 22000000
map 26843545 0 36000000
map 26843545 0 36000000
map 26843545 0 34000000
map 26843545 0 39000000
map 26843545 0 35000000
map 26843545 0 36000000
map 26843545 0 37000000
map 26843545 0 37000000
map 26843545 0 23000000
map 26843545 0 22000000
map 26843545 0 37000000
map 26843545 0 22000000
map 26843545 0 35000000
map 26843545 0 35000000
map 26843545 0 22000000
map 26843545 0 22000000
map 26843545 0 22000000
map 26843545 0 35000000
map 26843545 0 33000000
map 26843545 0 35000000
map 26843545 0 36000000
map 26843545 0 34000000
map 26843545 0 37000000
map 26843545 0 37000000
map 26843545 0 36000000
map 26843545 0 37000000
map 26843545 0 53000000
map 26843545 0 35000000
map 26843545 0 37000000
map 26843545 0 34000000
map 26843545 0 38000000
map 26843545 0 35000000
map 26843545 0 36000000
map 26843545 0 36000000
map 26843545 0 34000000
map 26843545 0 34000000
map 26843545 0 37000000
map 26843545 0 53000000
map 26843545 0 36000000
map 26843545 0 36000000
map 26843545 0 52000000
map 26843545 0 43000000
map 26843545 0 53000000
map 26843545 0 23000000
map 26843545 0 51000000
map 26843545 0 23000000
map 26843545 0 22000000
map 26843545 0 35000000
map 26843545 0 37000000
map 26843545 0 44000000
map 26843545 0 53000000
map 26843545 0 52000000
map 26843545 0 52000000
map 26843545 0 36000000
map 26843545 0 68000000
map 26843545 0 22000000
map 26843545 0 54000000
map 26843545 0 22000000
map 26843545 0 53000000
map 26843545 0 53000000
map 26843545 0 21000000
map 26843545 0 53000000
map 26843545 0 23000000
map 26843545 0 51000000
map 26843545 0 24000000
map 26843545 0 22000000
map 26843545 0 23000000
map 26843545 0 22000000
map 26843545 0 37000000
map 26843545 0 35000000
map 26843545 0 37000000
map 26843545 0 36000000
map 26843545 0 35000000
map 26843545 0 22000000
map 26843545 0 35000000
map 26843545 0 37000000
map 26843545 0 22000000
map 26843545 0 37000000
map 26843545 0 24000000
map 26843545 0 35000000
map 26843545 0 35000000
map 26843545 0 22000000
map 26843545 0 53000000
map 26843545 0 54000000
map 26843545 0 36000000
map 26843545 0 53000000
map 26843545 0 23000000
map 26843545 0 36000000
map 26843545 0 53000000
map 26843545 0 51000000
map 26843545 0 37000000
map 26843545 0 52000000
map 26843545 0 36000000
map 26843545 0 52000000
map 26843545 0 37000000
map 26843545 0 53000000
map 26843545 0 51000000
map 26843545 0 37000000
map 26843545 0 40000000
map 26843545 0 36000000
map 26843545 0 73000000
map 26843545 0 38000000
map 26843545 0 57000000
map 26843545 0 35000000
map 26843545 0 34000000
map 26843545 0 35000000
map 26843545 0 37000000
map 26843545 0 36000000
map 26843545 0 39000000
map 26843545 0 33000000
map 26843545 0 33000000
map 26843545 0 35000000
map 26843545 0 33000000
map 26843545 0 35000000
map 26843545 0 36000000
map 26843545 0 36000000
map 26843545 0 36000000
map 26843545 0 35000000
map 26843545 0 37000000
map 26843545 0 35000000
map 26843545 0 35000000
map 26843545 0 37000000
map 26843545 0 36000000
map 26843545 0 34000000
map 26843545 0 36000000
map 26843545 0 37000000
map 26843545 0 35000000
map 26843545 0 35000000
map 26843545 0 36000000
map 26843545 0 38000000
map 26843545 0 35000000
map 26843545 0 33000000
map 26843545 0 34000000
map 26843545 0 37000000
map 26843545 0 37000000
map 26843545 0 37000000
map 26843545 0 36000000
map 26843545 0 36000000
map 26843545 0 33000000
map 26843545 0 34000000
map 26843545 0 38000000
map 26843545 0 35000000
map 26843545 0 36000000
map 26843545 0 36000000
map 26843545 0 35000000
map 26843545 0 36000000
map 26843545 0 35000000
map 26843545 0 36000000
map 26843545 0 35000000
map 26843545 0 34000000
map 26843545 0 34000000
map 26843545 0 55000000
map 26843545 0 36000000
map 26843545 0 35000000
map 26843545 0 38000000
map 26843545 0 35000000
map 26843545 0 34000000
map 26843545 0 35000000
map 26843545 0 36000000
map 26843545 0 35000000
map 26843545 0 36000000
map 26843545 0 37000000
map 26843545 0 36000000
map 26843545 0 37000000
map 26843545 0 34000000
map 26843545 0 35000000
map 26843545 0 36000000
map 26843545 0 39000000
map 26843545 0 35000000
map 26843545 0 34000000
map 26843545 0 34000000
map 26843545 0 34000000
map 26843545 0 33000000
map 26843545 0 22000000
map 26843545 0 36000000
map 26843545 0 34000000
map 26843545 0 36000000
map 26843545 0 35000000
map 26843545 0 37000000
map 26843545 0 34000000
map 26843545 0 51000000
map 26843545 0 22000000
map 26843545 0 35000000
map 26843545 0 37000000
map 26843545 0 51000000
map 26843545 0 32000000
map 26843545 0 34000000
map 26843545 0 52000000
map 26843545 0 22000000
map 26843545 0 35000000
map 26843545 0 33000000
map 26843545 0 49000000
map 26843545 0 22000000
map 26843545 0 34000000
map 26843545 0 36000000
map 26843545 0 35000000
map 26843545 0 39000000
map 26843545 0 37000000
map 26843545 0 35000000
map 26843545 0 33000000
map 26843545 0 37000000
map 26843545 0 36000000
map 26843545 0 40000000
map 26843545 0 35000000
map 26843545 0 33000000
map 26843545 0 36000000
map 26843545 0 39000000
map 26843545 0 37000000
map 26843545 0 41000000
map 26843545 0 38000000
map 26843545 0 32000000
map 26843545 0 34000000
map 26843545 0 34000000
map 26843545 0 34000000
map 26843545 0 37000000
map 26843545 0 36000000
map 26843545 0 36000000
map 26843545 0 39000000
map 26843545 0 40000000
map 26843545 0 36000000
map 26843545 0 34000000
map 26843545 0 35000000
map 26843545 0 34000000
map 26843545 0 33000000
map 26843545 0 38000000
map 26843545 0 38000000
map 26843545 0 35000000
map 26843545 0 35000000
map 26843545 0 52000000
map 26843545 0 34000000
map 26843545 0 37000000
map 26843545 0 34000000
map 26843545 0 36000000
map 26843545 0 37000000
map 26843545 0 38000000
map 26843545 0 35000000
map 26843545 0 39000000
map 26843545 0 33000000
map 26843545 0 34000000
map 26843545 0 39000000
map 26843545 0 37000000
map 26843545 0 40000000
map 26843545 0 35000000
map 26843545 0 35000000
map 26843545 0 34000000
map 26843545 0 38000000
map 26843545 0 35000000
map 26843545 0 33000000
map 26843545 0 35000000
map 26843545 0 58000000
map 26843545 0 38000000
map 26843545 0 41000000
map 26843545 0 33000000
map 26843545 0 35000000
map 26843545 0 35000000
map 26843545 0 50000000
map 26843545 0 36000000
map 26843545 0 37000000
map 26843545 0 35000000
map 26843545 0 22000000
map 26843545 0 42000000
map 26843545 0 39000000
map 26843545 0 38000000
map 26843545 0 35000000
map 26843545 0 34000000
map 26843545 0 52000000
map 26843545 0 36000000
map 26843545 0 22000000
map 26843545 0 34000000
map 26843545 0 36000000
map 26843545 0 34000000
map 26843545 0 22000000
map 26843545 0 32000000
map 26843545 0 51000000
map 26843545 0 53000000
map 26843545 0 70000000
map 26843545 0 33000000
map 26843545 0 33000000
map 26843545 0 73000000
map 26843545 0 34000000
map 26843545 0 32000000
map 26843545 0 22000000
map 26843545 0 34000000
map 26843545 0 22000000
map 26843545 0 34000000
map 26843545 0 34000000
map 26843545 0 36000000
map 26843545 0 34000000
map 26843545 0 35000000
map 26843545 0 35000000
map 26843545 0 36000000
map 26843545 0 22000000
map 26843545 0 51000000
map 26843545 0 53000000
map 26843545 0 51000000
map 26843545 0 26000000
map 26843545 0 52000000
map 26843545 0 22000000
map 26843545 0 70000000
map 26843545 0 22000000
map 26843545 0 70000000
map 26843545 0 54000000
map 26843545 0 22000000
map 26843545 0 34000000
map 26843545 0 53000000
map 26843545 0 32000000
map 26843545 0 54000000
map 26843545 0 34000000
map 26843545 0 54000000
map 26843545 0 33000000
map 26843545 0 35000000
map 26843545 0 35000000
map 26843545 0 38000000
map 26843545 0 35000000
map 26843545 0 36000000
map 26843545 0 35000000
map 26843545 0 36000000
map 26843545 0 35000000
map 26843545 0 34000000
map 26843545 0 51000000
map 26843545 0 34000000
map 26843545 0 35000000
map 26843545 0 35000000
map 26843545 0 36000000
map 26843545 0 22000000
map 26843545 0 35000000
map 26843545 0 35000000
map 26843545 0 35000000
map 26843545 0 34000000
map 26843545 0 35000000
map 26843545 0 37000000
map 26843545 0 34000000
map 26843545 0 63000000
map 26843545 0 22000000
map 26843545 0 32000000
map 26843545 0 36000000
map 26843545 0 34000000
map 26843545 0 38000000
map 26843545 0 34000000
map 26843545 0 35000000
map 26843545 0 35000000
map 26843545 0 32000000
map 26843545 0 34000000
map 26843545 0 36000000
map 26843545 0 34000000
map 26843545 0 34000000
map 26843545 0 35000000
map 26843545 0 34000000
map 26843545 0 33000000
map 26843545 0 37000000
map 26843545 0 75000000
map 26843545 0 35000000
map 26843545 0 50000000
map 26843545 0 34000000
map 26843545 0 35000000
map 26843545 0 23000000
map 26843545 0 38000000
map 26843545 0 23000000
map 26843545 0 36000000
map 26843545 0 35000000
map 26843545 0 36000000
map 26843545 0 37000000
map 26843545 0 34000000
map 26843545 0 35000000
map 26843545 0 33000000
map 26843545 0 38000000
map 26843545 0 36000000
map 26843545 0 33000000
map 26843545 0 34000000
map 26843545 0 37000000
map 26843545 0 36000000
map 26843545 0 31000000
map 26843545 0 38000000
map 26843545 0 23000000
map 26843545 0 42000000
map 26843545 0 34000000
map 26843545 0 37000000
map 26843545 0 34000000
map 26843545 0 41000000
map 26843545 0 49000000
map 26843545 0 55000000
map 26843545 0 34000000
map 26843545 0 52000000
map 26843545 0 22000000
map 26843545 0 35000000
map 26843545 0 54000000
map 26843545 0 22000000
map 26843545 0 39000000
map 26843545 0 35000000
map 26843545 0 22000000
map 26843545 0 26000000
map 26843545 0 55000000
map 26843545 0 42000000
map 26843545 0 26000000
map 26843545 0 39000000
map 26843545 0 38000000
map 26843545 0 27000000
map 26843545 0 53000000
map 26843545 0 37000000
map 26843545 0 41000000
map 26843545 0 22000000
map 26843545 0 36000000
map 26843545 0 25000000
map 26843545 0 42000000
map 26843545 0 53000000
map 26843545 0 24000000
map 26843545 0 38000000
map 26843545 0 68000000
map 26843545 0 42000000
map 26843545 0 35000000
map 26843545 0 35000000
map 26843545 0 38000000
map 26843545 0 35000000
map 26843545 0 36000000
map 26843545 0 49000000
map 26843545 0 22000000
map 26843545 0 22000000
map 26843545 0 67000000
map 26843545 0 67000000
map 26843545 0 22000000
map 26843545 0 57000000
map 26843545 0 40000000
map 26843545 0 34000000
map 26843545 0 28000000
map 26843545 0 39000000
map 26843545 0 37000000
map 26843545 0 55000000
map 26843545 0 36000000
map 26843545 0 30000000
map 26843545 0 37000000
map 26843545 0 34000000
map 26843545 0 55000000
map 26843545 0 37000000
map 26843545 0 42000000
map 26843545 0 42000000
map 26843545 0 56000000
map 26843545 0 40000000
map 26843545 0 57000000
map 26843545 0 41000000
map 26843545 0 42000000
map 26843545 0 33000000
map 26843545 0 35000000
map 26843545 0 54000000
map 26843545 0 34000000
map 26843545 0 34000000
map 26843545 0 35000000
map 26843545 0 36000000
map 26843545 0 36000000
map 26843545 0 53000000
map 26843545 0 35000000
map 26843545 0 33000000
map 26843545 0 38000000
map 26843545 0 34000000
map 26843545 0 39000000
map 26843545 0 39000000
map 26843545 0 33000000
map 26843545 0 26000000
map 26843545 0 25000000
map 26843545 0 34000000
map 26843545 0 52000000
map 26843545 0 27000000
map 26843545 0 22000000
map 26843545 0 37000000
map 26843545 0 38000000
map 26843545 0 36000000
map 26843545 0 34000000
map 26843545 0 43000000
map 26843545 0 39000000
map 26843545 0 35000000
map 26843545 0 39000000
map 26843545 0 34000000
map 26843545 0 42000000
map 26843545 0 39000000
map 26843545 0 40000000
map 26843545 0 34000000
map 26843545 0 36000000
map 26843545 0 43000000
map 26843545 0 22000000
map 26843545 0 34000000
map 26843545 0 34000000
map 26843545 0 39000000
map 26843545 0 35000000
map 26843545 0 22000000
map 26843545 0 36000000
map 26843545 0 37000000
map 26843545 0 33000000
map 26843545 0 39000000
map 26843545 0 50000000
map 26843545 0 42000000
map 26843545 0 34000000
map 26843545 0 22000000
map 26843545 0 36000000
map 26843545 0 34000000
map 26843545 0 37000000
map 26843545 0 37000000
map 26843545 0 34000000
map 26843545 0 38000000
map 26843545 0 22000000
map 26843545 0 34000000
map 26843545 0 34000000
map 26843545 0 35000000
map 26843545 0 35000000
map 26843545 0 38000000
map 26843545 0 37000000
map 26843545 0 36000000
map 26843545 0 41000000
map 26843545 0 35000000
map 26843545 0 36000000
map 26843545 0 35000000
map 26843545 0 35000000
map 26843545 0 34000000
map 26843545 0 37000000
map 26843545 0 34000000
map 26843545 0 36000000
map 26843545 0 32000000
map 26843545 0 36000000
map 26843545 0 35000000
map 26843545 0 40000000
map 26843545 0 40000000
map 26843545 0 36000000
map 26843545 0 35000000
map 26843545 0 40000000
map 26843545 0 36000000
map 26843545 0 36000000
map 26843545 0 37000000
map 26843545 0 38000000
map 26843545 0 57000000
map 26843545 0 41000000
map 26843545 0 33000000
map 26843545 0 35000000
map 26843545 0 38000000
map 26843545 0 21000000
map 26843545 0 44000000
map 26843545 0 33000000
map 26843545 0 35000000
map 26843545 0 37000000
map 26843545 0 72000000
map 26843545 0 40000000
map 26843545 0 37000000
map 26843545 0 38000000
map 26843545 0 37000000
map 26843545 0 35000000
map 26843545 0 52000000
map 26843545 0 45000000
map 26843545 0 21000000
map 26843545 0 22000000
map 26843545 0 23000000
map 26843545 0 38000000
map 26843545 0 42000000
map 26843545 0 35000000
map 26843545 0 40000000
map 26843545 0 37000000
map 26843545 0 23000000
map 26843545 0 22000000
map 26843545 0 22000000
map 26843545 0 37000000
map 26843545 0 35000000
map 26843545 0 38000000
map 26843545 0 54000000
map 26843545 0 37000000
map 26843545 0 22000000
map 26843545 0 39000000
map 26843545 0 22000000
map 26843545 0 23000000
map 26843545 0 23000000
map 26843545 0 45000000
map 26843545 0 22000000
map 26843545 0 22000000
map 26843545 0 38000000
map 26843545 0 53000000
map 26843545 0 52000000
map 26843545 0 23000000
map 26843545 0 52000000
map 26843545 0 23000000
map 26843545 0 55000000
map 26843545 0 40000000
map 26843545 0 38000000
map 26843545 0 38000000
map 26843545 0 38000000
map 26843545 0 33000000
map 26843545 0 39000000
map 26843545 0 37000000
map 26843545 0 39000000
map 26843545 0 36000000
map 26843545 0 35000000
map 26843545 0 37000000
map 26843545 0 22000000
map 26843545 0 39000000
map 26843545 0 34000000
map 26843545 0 43000000
map 26843545 0 22000000
map 26843545 0 35000000
map 26843545 0 31000000
map 26843545 0 40000000
map 26843545 0 42000000
map 26843545 0 37000000
map 26843545 0 39000000
map 26843545 0 35000000
map 26843545 0 34000000
map 26843545 0 36000000
map 26843545 0 57000000
map 26843545 0 23000000
map 26843545 0 34000000
map 26843545 0 22000000
map 26843545 0 34000000
map 26843545 0 53000000
map 26843545 0 39000000
map 26843545 0 42000000
map 26843545 0 72000000
map 26843545 0 39000000
map 26843545 0 22000000
map 26843545 0 33000000
map 26843545 0 38000000
map 26843545 0 52000000
map 26843545 0 34000000
map 26843545 0 36000000
map 26843545 0 35000000
map 26843545 0 34000000
map 26843545 0 36000000
map 26843545 0 34000000
map 26843545 0 34000000
map 26843545 0 37000000
map 26843545 0 35000000
map 26843545 0 37000000
map 26843545 0 34000000
map 26843545 0 36000000
map 26843545 0 34000000
map 26843545 0 36000000
map 26843545 0 51000000
map 26843545 0 52000000
map 26843545 0 34000000
map 26843545 0 34000000
map 26843545 0 35000000
map 26843545 0 34000000
map 26843545 0 34000000
map 26843545 0 54000000
map 26843545 0 35000000
map 26843545 0 35000000
map 26843545 0 52000000
map 26843545 0 32000000
map 26843545 0 36000000
map 26843545 0 36000000
map 26843545 0 34000000
map 26843545 0 37000000
map 26843545 0 35000000
map 26843545 0 34000000
map 26843545 0 34000000
map 26843545 0 34000000
map 26843545 0 36000000
map 26843545 0 35000000
map 26843545 0 36000000
map 26843545 0 33000000
map 26843545 0 35000000
map 26843545 0 35000000
map 26843545 0 35000000
map 26843545 0 33000000
map 26843545 0 34000000
map 26843545 0 35000000
map 26843545 0 50000000
map 26843545 0 34000000
map 26843545 0 38000000
map 26843545 0 32000000
map 26843545 0 24000000
map 26843545 0 36000000
map 26843545 0 36000000
map 26843545 0 35000000
map 26843545 0 22000000
map 26843545 0 38000000
map 26843545 0 36000000
map 26843545 0 33000000
map 26843545 0 35000000
map 26843545 0 36000000
map 26843545 0 35000000
map 26843545 0 35000000
map 26843545 0 37000000
map 26843545 0 35000000
map 26843545 0 35000000
map 26843545 0 37000000
map 26843545 0 36000000
map 26843545 0 35000000
map 26843545 0 38000000
map 26843545 0 36000000
map 26843545 0 36000000
map 26843545 0 35000000
map 26843545 0 34000000
map 26843545 0 33000000
map 26843545 0 35000000
map 26843545 0 35000000
map 26843545 0 36000000
map 26843545 0 33000000
map 26843545 0 38000000
map 26843545 0 35000000
map 26843545 0 36000000
map 26843545 0 36000000
map 26843545 0 35000000
map 26843545 0 39000000
map 26843545 0 35000000
map 26843545 0 36000000
map 26843545 0 38000000
map 26843545 0 38000000
map 26843545 0 36000000
map 26843545 0 34000000
map 26843545 0 39000000
map 26843545 0 36000000
map 26843545 0 36000000
map 26843545 0 33000000
map 26843545 0 35000000
map 26843545 0 52000000
map 26843545 0 34000000
map 26843545 0 35000000
map 26843545 0 36000000
map 26843545 0 33000000
map 26843545 0 35000000
map 26843545 0 36000000
map 26843545 0 37000000
map 26843545 0 34000000
map 26843545 0 34000000
map 26843545 0 38000000
map 26843545 0 37000000
map 26843545 0 40000000
map 26843545 0 35000000
map 26843545 0 36000000
map 26843545 0 34000000
map 26843545 0 36000000
map 26843545 0 34000000
map 26843545 0 37000000
map 26843545 0 35000000
map 26843545 0 70000000
map 26843545 0 34000000
map 26843545 0 35000000
map 26843545 0 35000000
map 26843545 0 22000000
map 26843545 0 33000000
map 26843545 0 35000000
map 26843545 0 34000000
map 26843545 0 35000000
map 26843545 0 37000000
map 26843545 0 37000000
map 26843545 0 37000000
map 26843545 0 36000000
map 26843545 0 39000000
map 26843545 0 36000000
map 26843545 0 38000000
map 26843545 0 35000000
map 26843545 0 38000000
map 26843545 0 38000000
map 26843545 0 22000000
map 26843545 0 22000000
map 26843545 0 36000000
map 26843545 0 39000000
map 26843545 0 37000000
map 26843545 0 37000000
map 26843545 0 22000000
map 26843545 0 37000000
map 26843545 0 37000000
map 26843545 0 33000000
map 26843545 0 35000000
map 26843545 0 22000000
map 26843545 0 22000000
map 26843545 0 40000000
map 26843545 0 52000000
map 26843545 0 34000000
map 26843545 0 37000000
map 26843545 0 36000000
map 26843545 0 22000000
map 26843545 0 34000000
map 26843545 0 35000000
map 26843545 0 39000000
map 26843545 0 37000000
map 26843545 0 22000000
map 26843545 0 36000000
map 26843545 0 22000000
map 26843545 0 37000000
map 26843545 0 35000000
map 26843545 0 35000000
map 26843545 0 35000000
map 26843545 0 37000000
map 26843545 0 36000000
map 26843545 0 36000000
map 26843545 0 43000000
map 26843545 0 33000000
map 26843545 0 36000000
map 26843545 0 38000000
map 26843545 0 52000000
map 26843545 0 36000000
map 26843545 0 36000000
map 26843545 0 37000000
map 26843545 0 36000000
map 26843545 0 35000000
map 26843545 0 41000000
map 26843545 0 36000000
map 26843545 0 41000000
map 26843545 0 36000000
map 26843545 0 36000000
map 26843545 0 36000000
map 26843545 0 35000000
map 26843545 0 35000000
map 26843545 0 35000000
map 26843545 0 35000000
map 26843545 0 42000000
map 26843545 0 42000000
map 26843545 0 36000000
map 26843545 0 42000000
map 26843545 0 35000000
map 26843545 0 38000000
map 26843545 0 38000000
map 26843545 0 39000000
map 26843545 0 35000000
map 26843545 0 36000000
map 26843545 0 40000000
map 26843545 0 36000000
map 26843545 0 36000000
map 26843545 0 38000000
map 26843545 0 52000000
map 26843545 0 34000000
map 26843545 0 37000000
map 26843545 0 22000000
map 26843545 0 36000000
map 26843545 0 34000000
map 26843545 0 37000000
map 26843545 0 35000000
map 26843545 0 34000000
map 26843545 0 39000000
map 26843545 0 36000000
map 26843545 0 34000000
map 26843545 0 54000000
map 26843545 0 42000000
map 26843545 0 39000000
map 26843545 0 39000000
map 26843545 0 38000000
map 26843545 0 71000000
map 26843545 0 40000000
map 26843545 0 37000000
map 26843545 0 35000000
map 26843545 0 35000000
map 26843545 0 35000000
map 26843545 0 35000000
map 26843545 0 51000000
map 26843545 0 39000000
map 26843545 0 35000000
map 26843545 0 42000000
map 26843545 0 39000000
map 26843545 0 39000000
map 26843545 0 39000000
map 26843545 0 35000000
map 26843545 0 38000000
map 26843545 0 36000000
map 26843545 0 42000000
map 26843545 0 37000000
map 26843545 0 38000000
map 26843545 0 34000000
map 26843545 0 39000000
map 26843545 0 42000000
map 26843545 0 54000000
map 26843545 0 38000000
map 26843545 0 38000000
map 26843545 0 35000000
map 26843545 0 53000000
map 26843545 0 35000000
map 26843545 0 44000000
map 26843545 0 36000000
map 26843545 0 38000000
map 26843545 0 72000000
map 26843545 0 41000000
map 26843545 0 22000000
map 26843545 0 35000000
map 26843545 0 39000000
map 26843545 0 38000000
map 26843545 0 37000000
map 26843545 0 38000000
map 26843545 0 43000000
map 26843545 0 35000000
map 26843545 0 36000000
map 26843545 0 39000000
map 26843545 0 36000000
map 26843545 0 36000000
map 26843545 0 39000000
map 26843545 0 35000000
map 26843545 0 38000000
map 26843545 0 36000000
map 26843545 0 35000000
map 26843545 0 36000000
map 26843545 0 34000000
map 26843545 0 32000000
map 26843545 0 34000000
map 26843545 0 34000000
map 26843545 0 35000000
map 26843545 0 35000000
map 26843545 0 40000000
map 26843545 0 34000000
map 26843545 0 37000000
map 26843545 0 37000000
map 26843545 0 34000000
map 26843545 0 37000000
map 26843545 0 35000000
map 26843545 0 34000000
map 26843545 0 35000000
map 26843545 0 33000000
map 26843545 0 37000000
map 26843545 0 35000000
map 26843545 0 34000000
map 26843545 0 36000000
map 26843545 0 35000000
map 26843545 0 35000000
map 26843545 0 34000000
map 26843545 0 33000000
map 26843545 0 32000000
map 26843545 0 55000000
map 26843545 0 36000000
map 26843545 0 72000000
map 26843545 0 36000000
map 26843545 0 35000000
map 26843545 0 37000000
map 26843545 0 35000000
map 26843545 0 36000000
map 26843545 0 42000000
map 26843545 0 22000000
map 26843545 0 33000000
map 26843545 0 35000000
map 26843545 0 37000000
map 26843545 0 36000000
map 26843545 0 36000000
map 26843545 0 36000000
map 26843545 0 36000000
map 26843545 0 37000000
map 26843545 0 36000000
map 26843545 0 55000000
map 26843545 0 36000000
map 26843545 0 35000000
map 26843545 0 32000000
map 26843545 0 33000000
map 26843545 0 34000000
map 26843545 0 36000000
map 26843545 0 35000000
map 26843545 0 37000000
map 26843545 0 35000000
map 26843545 0 34000000
map 26843545 0 35000000
map 26843545 0 32000000
map 26843545 0 37000000
map 26843545 0 36000000
map 26843545 0 22000000
map 26843545 0 36000000
map 26843545 0 36000000
map 26843545 0 34000000
map 26843545 0 37000000
map 26843545 0 34000000
map 26843545 0 34000000
map 26843545 0 35000000
map 26843545 0 36000000
map 26843545 0 35000000
map 26843545 0 34000000
map 26843545 0 37000000
map 26843545 0 35000000
map 26843545 0 36000000
map 26843545 0 72000000
map 26843545 0 53000000
map 26843545 0 36000000
map 26843545 0 38000000
map 26843545 0 36000000
map 26843545 0 37000000
map 26843545 0 35000000
map 26843545 0 34000000
map 26843545 0 36000000
map 26843545 0 33000000
map 26843545 0 33000000
map 26843545 0 36000000
map 26843545 0 36000000
map 26843545 0 36000000
map 26843545 0 34000000
map 26843545 0 39000000
map 26843545 0 34000000
map 26843545 0 35000000
map 26843545 0 38000000
map 26843545 0 35000000
map 26843545 0 22000000
map 26843545 0 34000000
map 26843545 0 34000000
map 26843545 0 36000000
map 26843545 0 35000000
map 26843545 0 39000000
map 26843545 0 35000000
map 26843545 0 35000000
map 26843545 0 36000000
map 26843545 0 37000000
map 26843545 0 33000000
map 26843545 0 41000000
map 26843545 0 35000000
map 26843545 0 35000000
map 26843545 0 38000000
map 26843545 0 36000000
map 26843545 0 41000000
map 26843545 0 35000000
map 26843545 0 37000000
map 26843545 0 37000000
map 26843545 0 40000000
map 26843545 0 36000000
map 26843545 0 36000000
map 26843545 0 37000000
map 26843545 0 39000000
map 26843545 0 34000000
map 26843545 0 36000000
map 26843545 0 36000000
map 26843545 0 35000000
map 26843545 0 40000000
map 26843545 0 39000000
map 26843545 0 34000000
map 26843545 0 38000000
map 26843545 0 35000000
map 26843545 0 36000000
map 26843545 0 34000000
map 26843545 0 35000000
map 26843545 0 41000000
map 26843545 0 53000000
map 26843545 0 40000000
map 26843545 0 35000000
map 26843545 0 34000000
map 26843545 0 40000000
map 26843545 0 36000000
map 26843545 0 36000000
map 26843545 0 35000000
map 26843545 0 37000000
map 26843545 0 34000000
map 26843545 0 41000000
map 26843545 0 37000000
map 26843545 0 41000000
map 26843545 0 36000000
map 26843545 0 24000000
map 26843545 0 34000000
map 26843545 0 73000000
map 26843545 0 35000000
map 26843545 0 33000000
map 26843545 0 33000000
map 26843545 0 35000000
map 26843545 0 40000000
map 26843545 0 35000000
map 26843545 0 41000000
map 26843545 0 39000000
map 26843545 0 33000000
map 26843545 0 40000000
map 26843545 0 34000000
map 26843545 0 36000000
map 26843545 0 42000000
map 26843545 0 34000000
map 26843545 0 36000000
map 26843545 0 33000000
map 26843545 0 37000000
map 26843545 0 35000000
map 26843545 0 36000000
map 26843545 0 36000000
map 26843545 0 35000000
map 26843545 0 34000000
map 26843545 0 37000000
map 26843545 0 34000000
map 26843545 0 37000000
map 26843545 0 39000000
map 26843545 0 40000000
map 26843545 0 39000000
map 26843545 0 33000000
map 26843545 0 36000000
map 26843545 0 36000000
map 26843545 0 40000000
map 26843545 0 50000000
map 26843545 0 36000000
map 26843545 0 41000000
map 26843545 0 40000000
map 26843545 0 41000000
map 26843545 0 35000000
map 26843545 0 36000000
map 26843545 0 34000000
map 26843545 0 35000000
map 26843545 0 36000000
map 26843545 0 38000000
map 26843545 0 33000000
map 26843545 0 42000000
map 26843545 0 34000000
map 26843545 0 33000000
map 26843545 0 41000000
map 26843545 0 51000000
map 26843545 0 35000000
map 26843545 0 39000000
map 26843545 0 51000000
map 26843545 0 40000000
map 26843545 0 34000000
map 26843545 0 36000000
map 26843545 0 35000000
map 26843545 0 52000000
map 26843545 0 35000000
map 26843545 0 38000000
map 26843545 0 35000000
map 26843545 0 40000000
map 26843545 0 39000000
map 26843545 0 54000000
map 26843545 0 34000000
map 26843545 0 35000000
map 26843545 0 42000000
map 26843545 0 36000000
map 26843545 0 35000000
map 26843545 0 41000000
map 26843545 0 35000000
map 26843545 0 38000000
map 26843545 0 35000000
map 26843545 0 37000000
map 26843545 0 39000000
map 26843545 0 36000000
map 26843545 0 56000000
map 26843545 0 34000000
map 26843545 0 35000000
map 26843545 0 40000000
map 26843545 0 37000000
map 26843545 0 37000000
map 26843545 0 35000000
map 26843545 0 40000000
map 26843545 0 35000000
map 26843545 0 22000000
map 26843545 0 35000000
map 26843545 0 36000000
map 26843545 0 34000000
map 26843545 0 42000000
map 26843545 0 41000000
map 26843545 0 36000000
map 26843545 0 35000000
map 26843545 0 32000000
map 26843545 0 36000000
map 26843545 0 36000000
map 26843545 0 39000000
map 26843545 0 35000000
map 26843545 0 38000000
map 26843545 0 43000000
map 26843545 0 36000000
map 26843545 0 40000000
map 26843545 0 37000000
map 26843545 0 35000000
map 26843545 0 37000000
map 26843545 0 40000000
map 26843545 0 41000000
map 26843545 0 37000000
map 26843545 0 39000000
map 26843545 0 40000000
map 26843545 0 39000000
map 26843545 0 35000000
map 26843545 0 36000000
map 26843545 0 40000000
map 26843545 0 52000000
map 26843545 0 39000000
map 26843545 0 35000000
map 26843545 0 38000000
map 26843545 0 36000000
map 26843545 0 36000000
map 26843545 0 37000000
map 26843545 0 39000000
map 26843545 0 36000000
map 26843545 0 39000000
map 26843545 0 36000000
map 26843545 0 39000000
map 26843545 0 35000000
map 26843545 0 36000000
map 26843545 0 40000000
map 26843545 0 33000000
map 26843545 0 36000000
map 26843545 0 32000000
map 26843545 0 22000000
map 26843545 0 33000000
map 26843545 0 39000000
map 26843545 0 33000000
map 26843545 0 38000000
map 26843545 0 35000000
map 26843545 0 34000000
map 26843545 0 35000000
map 26843545 0 35000000
map 26843545 0 41000000
map 26843545 0 38000000
map 26843545 0 33000000
map 26843545 0 36000000
map 26843545 0 36000000
map 26843545 0 37000000
map 26843545 0 36000000
map 26843545 0 34000000
map 26843545 0 33000000
map 26843545 0 49000000
map 26843545 0 51000000
map 26843545 0 36000000
map 26843545 0 39000000
map 26843545 0 39000000
map 26843545 0 35000000
map 26843545 0 36000000
map 26843545 0 40000000
map 26843545 0 38000000
map 26843545 0 33000000
map 26843545 0 34000000
map 26843545 0 36000000
map 26843545 0 40000000
map 26843545 0 35000000
map 26843545 0 35000000
map 26843545 0 40000000
map 26843545 0 35000000
map 26843545 0 34000000
map 26843545 0 36000000
map 26843545 0 34000000
map 26843545 0 36000000
map 26843545 0 36000000
map 26843545 0 40000000
map 26843545 0 51000000
map 26843545 0 49000000
map 26843545 0 45000000
map 26843545 0 35000000
map 26843545 0 34000000
map 26843545 0 39000000
map 26843545 0 35000000
map 26843545 0 35000000
map 26843545 0 35000000
map 26843545 0 34000000
map 26843545 0 34000000
map 26843545 0 36000000
map 26843545 0 35000000
map 26843545 0 34000000
map 26843545 0 36000000
map 26843545 0 35000000
map 26843545 0 39000000
map 26843545 0 35000000
map 26843545 0 42000000
map 26843545 0 33000000
map 26843545 0 39000000
map 26843545 0 35000000
map 26843545 0 36000000
map 26843545 0 36000000
map 26843545 0 38000000
map 26843545 0 36000000
map 26843545 0 38000000
map 26843545 0 37000000
map 26843545 0 37000000
map 26843545 0 36000000
map 26843545 0 36000000
map 26843545 0 36000000
map 26843545 0 73000000
map 26843545 0 35000000
map 26843545 0 37000000
map 26843545 0 35000000
map 26843545 0 38000000
map 26843545 0 54000000
map 26843545 0 53000000
map 26843545 0 38000000
map 26843545 0 38000000
map 26843545 0 35000000
map 26843545 0 35000000
map 26843545 0 35000000
map 26843545 0 53000000
map 26843545 0 35000000
map 26843545 0 37000000
map 26843545 0 22000000
map 26843545 0 34000000
map 26843545 0 35000000
map 26843545 0 34000000
map 26843545 0 36000000
map 26843545 0 41000000
map 26843545 0 40000000
map 26843545 0 34000000
map 26843545 0 51000000
map 26843545 0 34000000
map 26843545 0 41000000
map 26843545 0 36000000
map 26843545 0 37000000
map 26843545 0 35000000
map 26843545 0 41000000
map 26843545 0 36000000
map 26843545 0 52000000
map 26843545 0 34000000
map 26843545 0 42000000
map 26843545 0 34000000
map 26843545 0 41000000
map 26843545 0 36000000
map 26843545 0 36000000
map 26843545 0 33000000
map 26843545 0 39000000
map 26843545 0 35000000
map 26843545 0 41000000
map 26843545 0 36000000
