Time(us)	NumAllCore	NumIdleCore	NumTaskWait	NumTaskReady	NumTaskDone	Throughput
1418794663698184	256	130	1188	425	0	0
1418794664800736	256	0	0	1728	0	0
1418794665900911	256	0	0	1728	0	0
1418794667001942	256	0	0	1728	0	0
1418794668104588	256	0	0	1728	0	0
1418794669204372	256	0	0	1728	0	0
1418794670305158	256	0	0	1728	0	0
1418794671407181	256	0	0	1728	0	0
1418794672506762	256	0	0	1728	0	0
1418794673609530	256	0	0	1728	0	0
1418794674709877	256	0	0	1727	0	0
1418794675814654	256	0	0	1727	1	0.90516
1418794676915840	256	0	1	1727	1	0
1418794678015109	256	0	0	1727	1	0
1418794679124426	256	0	0	1727	1	0
1418794680226480	256	0	0	1726	2	0.907397
1418794681330244	256	0	0	1725	3	0.905991
1418794682437812	256	0	0	1724	4	0.902879
1418794683546838	256	0	0	1721	7	2.70508
1418794684654038	256	0	0	1719	9	1.80636
1418794685760992	256	0	0	1708	15	5.42028
1418794686863584	256	0	0	1695	31	14.5113
1418794687967905	256	0	0	1509	198	151.224
1418794689083209	256	0	0	1472	256	52.0038
1418794690187249	256	0	0	1472	256	0
1418794691303981	256	0	0	1472	256	0
1418794692409990	256	0	0	1472	256	0
1418794693513820	256	0	0	1472	256	0
1418794694614781	256	0	0	1472	256	0
1418794695714181	256	0	0	1472	256	0
1418794696817396	256	0	0	1471	256	0
1418794697919146	256	0	0	1471	257	0.907647
1418794699023750	256	0	0	1470	258	0.905302
1418794700128768	256	0	0	1469	259	0.904963
1418794701229998	256	0	0	1468	260	0.908076
1418794702334038	256	0	0	1467	261	0.905764
1418794703436182	256	0	0	1467	261	0
1418794704536726	256	0	0	1463	265	3.63457
1418794705639805	256	0	0	1460	268	2.71966
1418794706740493	256	0	0	1456	272	3.63409
1418794707840904	256	0	0	1451	277	4.54376
1418794708941228	256	0	0	1440	283	5.45294
1418794710046335	256	0	0	1429	299	14.4782
1418794711151068	256	0	0	1296	427	115.865
1418794712261213	256	0	0	1237	486	53.1462
1418794713362727	256	0	0	1221	507	19.0647
1418794714462012	256	0	0	1216	512	4.54841
1418794715561289	256	0	0	1216	512	0
1418794716661612	256	0	0	1216	512	0
1418794717762303	256	0	0	1216	512	0
1418794718863188	256	0	0	1216	512	0
1418794719962251	256	0	0	1215	512	0
1418794721065860	256	0	0	1215	513	0.906118
1418794722167327	256	0	0	1214	514	0.90788
1418794723274484	256	0	0	1213	515	0.903214
1418794724390842	256	0	0	1211	517	1.79154
1418794725489511	256	0	0	1208	520	2.73058
1418794726590186	256	0	0	1208	520	0
1418794727698454	256	0	0	1205	523	2.70693
1418794728803461	256	0	0	1202	526	2.71491
1418794729903832	256	0	0	1196	531	4.54392
1418794731005265	256	0	0	1188	540	8.17117
1418794732114691	256	0	0	1177	550	9.01367
1418794733215943	256	0	0	1161	567	15.437
1418794734327053	256	0	0	1067	656	80.1001
1418794735430814	256	0	0	1005	720	57.9836
1418794736532372	256	0	0	975	753	29.9576
1418794737631407	256	0	0	963	765	10.9187
1418794738730277	256	0	0	961	767	1.82005
1418794739829725	256	0	0	960	768	0.909547
1418794740945536	256	0	0	960	768	0
1418794742068659	256	0	0	960	768	0
1418794743186013	256	0	0	958	769	0.894972
1418794744306388	256	0	0	958	770	0.892558
1418794745407709	256	0	0	956	772	1.816
1418794746511239	256	0	0	953	775	2.71855
1418794747616056	256	0	0	949	779	3.62051
1418794748718326	256	0	0	945	783	3.62887
1418794749819826	256	0	0	942	786	2.72356
1418794750923182	256	0	0	938	790	3.6253
1418794752033913	256	0	0	935	793	2.70092
1418794753135118	256	0	0	927	801	7.26477
1418794754236176	256	0	0	918	810	8.17396
1418794755338931	256	0	0	906	820	9.0682
1418794756438625	256	0	0	897	831	10.0028
1418794757543246	256	0	0	827	897	59.749
1418794758644609	256	0	0	760	963	59.9257
1418794759744234	256	0	0	728	1000	33.6478
1418794760853890	256	0	0	713	1015	13.5177
1418794761959316	256	0	0	708	1020	4.52314
1418794763065384	256	0	0	704	1024	3.61641
1418794764178825	256	0	0	704	1024	0
1418794765278525	256	0	0	703	1025	0.909339
1418794766390425	256	0	0	701	1026	0.899361
1418794767490419	256	0	0	701	1027	0.909096
1418794768594397	256	0	0	698	1030	2.71745
1418794769695556	256	0	0	697	1031	0.908134
1418794770804396	256	0	0	694	1033	1.80369
1418794771917414	256	0	0	687	1040	6.28921
1418794773020126	256	0	0	682	1046	5.44113
1418794774123062	256	0	0	675	1053	6.3467
1418794775225299	256	0	0	673	1054	0.907246
1418794776340424	256	0	0	666	1062	7.17408
1418794777439843	256	0	0	658	1070	7.27657
1418794778543327	256	0	0	648	1078	7.24977
1418794779641185	256	0	0	630	1097	17.3064
1418794780740552	256	0	0	585	1135	34.5653
1418794781842723	256	0	0	524	1201	59.8818
1418794782942846	256	0	0	491	1237	32.7236
1418794784049286	256	0	0	466	1261	21.6912
1418794785151632	256	0	0	455	1273	10.8859
1418794786263694	256	0	0	448	1280	6.29461
1418794787368893	256	0	0	446	1282	1.80963
1418794788467760	256	0	0	444	1284	1.82006
1418794789567678	256	0	0	443	1285	0.909159
1418794790665602	256	0	0	442	1286	0.91081
1418794791765904	256	0	0	440	1288	1.81768
1418794792866953	256	0	0	439	1289	0.908225
1418794793967320	256	0	0	435	1292	2.72636
1418794795069772	256	0	0	431	1297	4.53534
1418794796170552	256	0	0	426	1302	4.54223
1418794797270295	256	0	0	419	1308	5.45582
1418794798369447	256	0	0	416	1312	3.63917
1418794799469127	256	0	0	409	1319	6.36549
1418794800569955	256	0	0	398	1328	8.17566
1418794801675417	256	0	0	387	1340	10.8552
1418794802781693	256	0	0	370	1356	14.4629
1418794803898251	256	0	0	337	1389	29.5551
1418794805001835	256	0	0	283	1441	47.1192
1418794806106630	256	0	0	245	1483	38.0161
1418794807207532	256	0	0	217	1510	24.5253
1418794808312103	256	0	0	205	1523	11.7693
1418794809417460	256	0	0	193	1535	10.8562
1418794810520893	256	0	0	190	1537	1.81253
1418794811625949	256	0	0	187	1540	2.71479
1418794812729414	256	0	0	185	1543	2.71871
1418794813831496	256	0	0	185	1543	0
1418794814935695	256	1	0	183	1546	2.7169
1418794816036913	256	1	0	182	1547	0.908085
1418794817137822	256	1	0	180	1549	1.81668
1418794818238243	256	1	0	176	1553	3.63497
1418794819338834	256	1	0	173	1556	2.72581
1418794820438407	256	1	0	166	1562	5.45666
1418794821539803	256	1	0	161	1568	5.44763
1418794822641750	256	2	0	154	1576	7.25988
1418794823743244	256	3	0	149	1582	5.44715
1418794824843473	256	5	0	142	1591	8.18012
1418794825954127	256	10	0	124	1614	20.7085
1418794827064055	256	16	0	100	1641	24.3259
1418794828173646	256	31	0	67	1686	40.5555
1418794829272104	256	37	0	41	1724	34.5939
1418794830372020	256	47	0	18	1755	28.184
1418794831476689	256	57	0	10	1774	17.1997
1418794832578990	256	65	0	3	1790	14.5151
1418794833687485	256	66	0	0	1794	3.6085
1418794834792326	256	69	0	0	1797	2.71532
1418794835891535	256	72	0	0	1800	2.72924
1418794836995736	256	73	0	0	1801	0.905632
1418794838096093	256	74	0	0	1802	0.908796
1418794839197710	256	76	0	0	1804	1.81551
1418794840303734	256	79	0	0	1807	2.71242
1418794841404413	256	83	0	0	1811	3.63412
1418794842504484	256	86	0	0	1814	2.7271
1418794843604980	256	89	0	0	1817	2.72604
1418794844715250	256	95	0	0	1822	4.50341
1418794845814651	256	105	0	0	1833	10.0054
1418794846915241	256	111	0	0	1839	5.45162
1418794848015126	256	116	0	0	1844	4.54593
1418794849117319	256	129	0	0	1857	11.7947
1418794850222865	256	155	0	0	1880	20.8042
1418794851326825	256	180	0	0	1908	25.3632
1418794852426171	256	213	0	0	1941	30.0178
1418794853527071	256	235	0	0	1963	19.9836
1418794854627519	256	242	0	0	1969	5.45232
1418794855726955	256	252	0	0	1980	10.0051
1418794856826330	256	255	0	0	1983	2.72882
1418794857926006	256	248	0	0	1984	0.909359
1418794859024983	256	248	0	0	1984	0
1418794860133239	256	248	0	0	1984	0
1418794861245727	256	248	0	0	1984	0
1418794862350703	256	248	0	0	1984	0
1418794863470634	256	248	0	0	1984	0
1418794864576530	256	248	0	0	1984	0
1418794865680896	256	248	0	0	1984	0
1418794866780710	256	248	0	0	1984	0
1418794867881633	256	248	0	0	1984	0
1418794868987229	256	248	0	0	1984	0
1418794870089432	256	248	0	0	1984	0
1418794871191966	256	249	0	0	1985	0.907002
1418794872305569	256	252	0	0	1988	2.69396
1418794873404526	256	256	0	0	1992	3.63981
