map 17318416 17448294 27733333
map 17318416 17448294 29000000
map 17318416 17448398 27733333
map 17318416 17448294 29000000
map 17318416 17448294 16000000
map 17318416 17448294 29000000
map 17318416 17448294 29000000
map 17318416 17448398 29000000
map 17318416 17448398 29000000
map 17318416 17448294 27733333
map 17318416 17448294 24000000
map 17318416 17448294 27733333
map 17318416 17448398 27733333
map 17318416 17448294 23000000
map 17318416 17448294 27733333
map 17318416 17448294 28000000
map 17318416 17448294 29000000
map 17318416 17448398 27733333
map 17318416 17448294 27733333
map 17318416 17448294 27733333
map 17318416 17448294 27733333
map 17318416 17448294 27733333
map 17318416 17448294 27733333
map 17318416 17448294 27733333
map 17318416 17448398 27733333
map 17318416 17448294 27733333
map 17318416 17448294 29000000
map 17318416 17448294 27733333
map 17318416 17448294 28000000
map 17318416 17448294 27733333
map 17318416 17448294 27733333
map 17318416 17448294 29000000
map 17318416 17448294 27733333
map 17318416 17448294 29000000
map 17318416 17448294 27733333
map 17318416 17448294 27733333
map 17318416 17448294 27733333
map 17318416 17448294 27733333
map 17318416 17448294 28000000
map 17318416 17448398 27733333
map 17318416 17448294 27733333
map 17318416 17448294 27733333
map 17318416 17448398 27733333
map 17318416 17448294 29000000
map 17318416 17448398 27733333
map 17318416 17448294 12000000
map 17318416 17448294 27733333
map 17318416 17448294 28000000
map 17318416 17448294 29000000
map 17318416 17448294 27733333
map 17318416 17448294 29000000
map 17318416 17448294 27733333
map 17318416 17448294 27733333
map 17318416 17448294 27733333
map 17318416 17448294 27733333
map 17318416 17448294 29000000
map 17318416 17448294 27733333
map 17318416 17448294 27733333
map 17318416 17448294 27733333
map 17318416 17448294 27733333
map 17318416 17448294 28000000
map 17318416 17448398 28000000
map 17318416 17448294 27733333
map 17318416 17448294 27733333
map 17318416 17448294 27733333
map 17318416 17448398 27733333
map 17318416 17448294 27733333
map 17318416 17448294 29000000
map 17318416 17448294 27733333
map 17318416 17448294 27000000
map 17318416 17448294 27733333
map 17318416 17448294 27733333
map 17318416 17448294 27733333
map 17318416 17448294 27733333
map 17318416 17448294 27733333
map 17318416 17448294 27733333
map 17318416 17448398 27733333
map 17318416 17448398 27733333
map 17318416 17448398 27733333
map 17318416 17448294 27733333
map 17318416 17448398 27733333
map 17318416 17448294 29000000
map 17318416 17448294 27733333
map 17318416 17448294 20000000
map 17318416 17448294 27733333
map 17318416 17448398 27733333
map 17318416 17448398 23000000
map 17318416 17448294 27733333
map 17318416 17448294 28000000
map 17318416 17448294 27733333
map 17318416 17448398 27733333
map 17318416 17448294 22000000
map 17318416 17448294 27733333
map 17318416 17448294 29000000
map 17318416 17448294 27733333
map 17318416 17448294 28000000
map 17318416 17448398 27733333
map 17318416 17448294 27733333
map 17318416 17448398 27733333
map 17318416 17448294 28000000
map 17318416 17448294 27733333
map 17318416 17448294 27733333
map 17318416 17448294 26000000
map 17318416 17448294 27733333
map 17318416 17448398 27733333
map 17318416 17448294 27733333
map 17318416 17448294 28000000
map 17318416 17448294 27733333
map 17318416 17448294 27733333
map 17318416 17448294 27733333
map 17318416 17448294 27733333
map 17318416 17448398 27733333
map 17318416 17448294 26000000
map 17318416 17448398 27733333
map 17318416 17448294 29000000
map 17318416 17448294 28000000
map 17318416 17448294 28000000
map 17318416 17448294 27733333
map 17318416 17448294 27733333
map 17318416 17448294 29000000
map 17318416 17448294 27733333
map 17318416 17448294 27733333
map 17318416 17448398 27733333
map 17318416 17448294 27733333
map 17318416 17448294 29000000
map 17318416 17448294 29000000
map 17318416 17448294 27733333
map 17318416 17448294 27733333
map 17318416 17448294 27733333
map 17318416 17448294 27733333
map 17318416 17448294 27733333
map 17318416 17448294 27733333
map 17318416 17448294 27733333
map 17318416 17448294 27733333
map 17318416 17448294 28000000
map 17318416 17448398 27733333
map 17318416 17448398 27733333
map 17318416 17448294 27733333
map 17318416 17448294 27733333
map 17318416 17448398 27733333
map 17318416 17448294 27733333
map 17318416 17448294 27733333
map 17318416 17448294 27733333
map 17318416 17448294 27733333
map 17318416 17448294 27733333
map 17318416 17448294 15000000
map 17318416 17448294 27733333
map 17318416 17448294 27000000
map 17318416 17448294 28000000
map 17318416 17448294 24000000
map 17318416 17448294 29000000
map 17318416 17448294 29000000
map 17318416 17448294 29000000
map 17318416 17448294 27733333
map 17318416 17448294 27733333
map 17318416 17448294 27733333
map 17318416 17448294 27733333
map 17318416 17448294 27733333
map 17318416 17448398 29000000
map 17318416 17448294 27733333
map 17318416 17448398 29000000
map 17318416 17448294 27733333
map 17318416 17448294 27733333
map 17318416 17448294 29000000
map 17318416 17448294 27733333
map 17318416 17448294 27733333
map 17318416 17448294 29000000
map 17318416 17448294 27733333
map 17318416 17448398 27733333
map 17318416 17448294 27733333
map 17318416 17448294 27733333
map 17318416 17448294 27733333
map 17318416 17448294 27733333
map 17318416 17448294 26000000
map 17318416 17448294 28000000
map 17318416 17448294 28000000
map 17318416 17448294 29000000
map 17318416 17448294 27733333
map 17318416 17448398 27733333
map 17318416 17448398 29000000
map 17318416 17448294 27733333
map 17318416 17448294 27733333
map 17318416 17448294 29000000
map 17318416 17448294 27733333
map 17318416 17448294 27733333
map 17318416 17448294 27733333
map 17318416 17448294 28000000
map 17318416 17448294 29000000
map 17318416 17448294 29000000
map 17318416 17448294 27733333
map 17318416 17448294 29000000
map 17318416 17448294 29000000
map 17318416 17448294 27733333
map 17318416 17448294 27733333
map 17318416 17448294 29000000
map 17318416 17448294 27733333
map 17318416 17448294 29000000
map 17318416 17448398 29000000
map 17318416 17448294 27733333
map 17318416 17448294 27733333
map 17318416 17448398 29000000
map 17318416 17448398 27733333
map 17318416 17448294 24000000
map 17318416 17448398 27733333
map 17318416 17448294 27733333
map 17318416 17448294 19000000
map 17318416 17448294 27733333
map 17318416 17448294 29000000
map 17318416 17448294 27733333
map 17318416 17448294 27733333
map 17318416 17448398 27733333
map 17318416 17448294 29000000
map 17318416 17448294 27733333
map 17318416 17448294 27733333
map 17318416 17448294 27733333
map 17318416 17448294 27733333
map 17318416 17448294 27733333
map 17318416 17448294 27733333
map 17318416 17448294 27733333
map 17318416 17448294 27733333
map 17318416 17448294 28000000
map 17318416 17448398 27733333
map 17318416 17448294 27733333
map 17318416 17448294 27733333
map 17318416 17448294 25000000
map 17318416 17448294 27733333
map 17318416 17448294 27733333
map 17318416 17448294 27733333
map 17318416 17448294 27733333
map 17318416 17448294 27733333
map 17318416 17448398 27733333
map 17318416 17448294 27733333
map 17318416 17448294 27733333
map 17318416 17448294 27733333
map 17318416 17448294 27733333
map 17318416 17448294 27733333
map 17318416 17448294 27733333
map 17318416 17448398 29000000
map 17318416 17448294 29000000
map 17318416 17448294 27733333
map 17318416 17448294 27733333
map 17318416 17448294 27733333
map 17318416 17448294 27733333
map 17318416 17448398 29000000
map 17318416 17448294 27733333
map 17318416 17448294 29000000
map 17318416 17448294 27733333
map 17318416 17448294 27733333
map 17318416 17448398 27733333
map 17318416 17448294 29000000
map 17318416 17448294 27733333
map 17318416 17448294 27733333
map 17318416 17448294 29000000
map 17318416 17448294 28000000
map 17318416 17448294 27733333
map 17318416 17448294 27733333
map 17318416 17448294 29000000
map 17318416 17448294 27733333
map 17318416 17448294 29000000
map 17318416 17448294 27733333
map 17318416 17448398 29000000
map 17318416 17448294 29000000
map 17318416 17448294 27733333
map 17318416 17448294 29000000
map 17318416 17448294 27733333
map 17318416 17448294 27733333
map 17318416 17448294 29000000
map 17318416 17448398 27733333
map 17318416 17448294 27733333
map 17318416 17448294 27733333
map 17318416 17448398 27733333
map 17318416 17448294 27733333
map 17318416 17448294 27733333
map 17318416 17448294 27733333
map 17318416 17448294 27733333
map 17318416 17448294 27733333
map 17318416 17448294 27733333
map 17318416 17448294 29000000
map 17318416 17448294 27733333
map 17318416 17448294 27733333
map 17318416 17448294 29000000
map 17318416 17448294 27733333
map 17318416 17448294 29000000
map 17318416 17448294 27733333
map 17318416 17448294 29000000
map 17318416 17448294 27733333
map 17318416 17448294 27733333
map 17318416 17448294 27733333
map 17318416 17448294 27733333
map 17318416 17448294 27733333
map 17318416 17448294 27733333
map 17318416 17448294 27733333
map 17318416 17448398 27733333
map 17318416 17448294 29000000
map 17318416 17448294 27733333
map 17318416 17448398 27733333
map 17318416 17448294 27733333
map 17318416 17448294 27733333
map 17318416 17448294 27733333
map 17318416 17448294 29000000
map 17318416 17448294 27733333
map 17318416 17448294 27733333
map 17318416 17448398 27733333
map 17318416 17448398 27733333
map 17318416 17448294 27733333
map 17318416 17448294 27733333
map 17318416 17448294 20000000
map 17318416 17448294 27733333
map 17318416 17448294 29000000
map 17318416 17448294 27733333
map 17318416 17448294 27733333
map 17318416 17448294 27733333
map 17318416 17448398 27733333
map 17318416 17448294 29000000
map 17318416 17448398 27733333
map 17318416 17058502 29000000
map 17318416 17448294 27733333
map 17318416 17448294 27733333
map 17318416 17448294 27733333
map 17318416 17448294 27733333
map 17318416 17448398 29000000
map 17318416 17448294 27733333
map 17318416 17448294 27733333
map 17318416 17448294 27733333
map 17318416 17448294 26000000
map 17318416 17448294 27733333
map 17318416 17448398 27733333
map 17318416 17448294 27733333
map 17318416 17448294 27733333
map 17318416 17448294 27733333
map 17318416 17448294 27733333
map 17318416 17448294 29000000
map 17318416 17448294 27733333
map 17318416 17448294 27733333
map 17318416 17448398 29000000
map 17318416 17448294 27733333
map 17318416 17448294 29000000
map 17318416 17448294 29000000
map 17318416 17448294 27733333
map 17318416 17448294 27733333
map 17318416 17448398 29000000
map 17318416 17448294 27733333
map 17318416 17448294 27733333
map 17318416 17448294 27733333
map 17318416 17448294 27733333
map 17318416 17448294 27733333
map 17318416 17448294 27733333
map 17318416 17448294 27733333
map 17318416 17448294 27733333
map 17318416 17448398 29000000
map 17318416 17448294 27733333
map 17318416 17448294 29000000
map 17318416 17448294 27733333
map 17318416 17448294 22000000
map 17318416 17448294 29000000
map 17318416 17448294 29000000
map 17318416 17448294 27733333
map 17318416 17448294 27733333
map 17318416 17448294 27733333
map 17318416 17448294 27733333
map 17318416 17448294 19000000
map 17318416 17448294 27733333
map 17318416 17448398 27733333
map 17318416 17448398 27733333
map 17318416 17448294 27733333
map 17318416 17448294 29000000
map 17318416 17448294 21000000
map 17318416 17448294 27733333
map 17318416 17448294 27733333
map 17318416 17448294 27733333
map 17318416 17448294 27733333
map 17318416 17448294 29000000
map 17318416 17448398 27733333
map 17318416 17448294 27733333
map 17318416 17448294 28000000
map 17318416 17448398 27733333
map 17318416 17448294 27733333
map 17318416 17448294 29000000
map 17318416 17448398 27733333
map 17318416 17448294 28000000
map 17318416 17448294 27733333
map 17318416 17448398 22000000
map 17318416 17448294 27733333
map 17318416 17448294 29000000
map 17318416 17448294 27733333
map 17318416 17448294 27733333
map 17318416 17448294 27733333
map 17318416 17448398 27733333
map 17318416 17448294 29000000
map 17318416 17448294 27733333
map 17318416 17058502 27000000
map 17318416 17448398 27733333
map 17318416 17448294 25000000
map 17318416 17448294 27733333
map 17318416 17448294 27733333
map 17318416 17448294 27733333
map 17318416 17058502 27733333
map 17318416 17448294 27733333
map 17318416 17448294 27733333
map 17318416 17058502 29000000
map 17318416 17448294 27733333
map 17318416 17448294 27733333
map 17318416 17448398 27733333
map 17318416 17448294 27733333
map 17318416 17448294 27733333
map 17318416 17448294 27000000
map 17318416 17448294 27733333
map 17318416 17448294 29000000
map 17318416 17448398 29000000
map 17318416 17448294 27733333
map 17318416 17448294 27733333
map 17318416 17448398 27733333
map 17318416 17448294 27733333
map 17318416 17448294 27733333
map 17318416 17448294 27733333
map 17318416 17448294 27733333
map 17318416 17448294 29000000
map 17318416 17448294 27733333
map 17318416 17448398 29000000
map 17318416 17448294 27733333
map 17318416 17448294 27733333
map 17318416 17448294 29000000
map 17318416 17448294 29000000
map 17318416 17448398 29000000
map 17318416 17448294 27733333
map 17318416 17448398 29000000
map 17318416 17448294 27733333
map 17318416 17448294 27733333
map 17318416 17448294 28000000
map 17318416 17448294 28000000
map 17318416 17448294 29000000
map 17318416 17448294 29000000
map 17318416 17448398 27733333
map 17318416 17448294 29000000
map 17318416 17448398 27733333
map 17318416 17448294 27733333
map 17318416 17448294 27733333
map 17318416 17448294 27733333
map 17318416 17448294 27733333
map 17318416 17448294 27733333
map 17318416 17448398 27733333
map 17318416 17448294 27733333
map 17318416 17448294 27733333
map 17318416 17448294 29000000
map 17318416 17448294 27733333
map 17318416 17448294 27733333
map 17318416 17448294 27733333
map 17318416 17448294 28000000
map 17318416 17448398 27733333
map 17318416 17448294 29000000
map 17318416 17448294 27733333
map 17318416 17448294 27733333
map 17318416 17448294 29000000
map 17318416 17448294 27733333
map 17318416 17448294 27733333
map 17318416 17448398 27733333
map 17318416 17448294 27733333
map 17318416 17448294 27733333
map 17318416 17448294 27733333
map 17318416 17448294 27733333
map 17318416 17448294 29000000
map 17318416 17448294 27733333
map 17318416 17448294 27733333
map 17318416 17448294 29000000
map 17318416 17448294 29000000
map 17318416 17448398 27733333
map 17318416 17448294 27733333
map 17318416 17448398 27733333
map 17318416 17448398 27733333
map 17318416 17448294 29000000
map 17318416 17448294 27733333
map 17318416 17448294 27733333
map 17318416 17448294 27733333
map 17318416 17448294 27733333
map 17318416 17448294 29000000
map 17318416 17448398 27733333
map 17318416 17448294 27733333
map 17318416 17448294 29000000
map 17318416 17448294 27733333
map 17318416 17448294 27733333
map 17318416 17448294 29000000
map 17318416 17448294 27733333
map 17318416 17448294 27733333
map 17318416 17448294 27733333
map 17318416 17448294 27733333
map 17318416 17448294 27733333
map 17318416 17448294 27733333
map 17318416 17448294 27733333
map 17318416 17448294 27733333
map 17318416 17448294 29000000
map 17318416 17448294 27733333
map 17318416 17448294 27733333
map 17318416 17448398 27733333
map 17318416 17448294 27733333
map 17318416 17448294 27733333
map 17318416 17448294 27733333
reduce 8652802976
