Time(us)	NumAllCore	NumIdleCore	NumTaskWait	NumTaskReady	NumTaskDone	Throughput
1418836955332355	4	0	0	0	0	0
1418836956334571	4	0	0	27	0	0
1418836957337121	4	0	0	27	0	0
1418836958339348	4	0	0	27	0	0
1418836959341686	4	0	0	27	0	0
1418836960343971	4	0	0	27	0	0
1418836961346655	4	0	0	27	0	0
1418836962349007	4	0	0	27	0	0
1418836963351492	4	0	0	27	0	0
1418836964353811	4	0	0	27	0	0
1418836965356290	4	0	0	27	0	0
1418836966358467	4	0	0	27	0	0
1418836967360906	4	0	0	27	0	0
1418836968363056	4	0	0	27	0	0
1418836969365463	4	0	0	27	0	0
1418836970367705	4	0	0	27	0	0
1418836971370121	4	0	0	27	0	0
1418836972372386	4	0	0	27	0	0
1418836973374839	4	0	0	27	0	0
1418836974377075	4	0	0	27	0	0
1418836975379554	4	0	0	27	0	0
1418836976381888	4	0	0	27	0	0
1418836977384382	4	0	0	27	0	0
1418836978386659	4	0	0	27	0	0
1418836979389004	4	0	0	27	0	0
1418836980391219	4	0	0	27	0	0
1418836981393749	4	0	0	25	2	1.99495
1418836982397364	4	0	0	25	2	0
1418836983399834	4	0	0	23	4	1.99507
1418836984402119	4	0	0	23	4	0
1418836985404528	4	0	0	23	4	0
1418836986406808	4	0	0	23	4	0
1418836987409436	4	0	0	23	4	0
1418836988411734	4	0	0	23	4	0
1418836989414185	4	0	0	23	4	0
1418836990416512	4	0	0	23	4	0
1418836991418954	4	0	0	23	4	0
1418836992421250	4	0	0	23	4	0
1418836993423747	4	0	0	23	4	0
1418836994426041	4	0	0	23	4	0
1418836995428430	4	0	0	23	4	0
1418836996430693	4	0	0	23	4	0
1418836997433154	4	0	0	23	4	0
1418836998435387	4	0	0	23	4	0
1418836999437915	4	0	0	23	4	0
1418837000440207	4	0	0	23	4	0
1418837001442732	4	0	0	23	4	0
1418837002445040	4	0	0	23	4	0
1418837003447508	4	0	0	23	4	0
1418837004449730	4	0	0	23	4	0
1418837005452353	4	0	0	23	4	0
1418837006454695	4	0	0	23	4	0
1418837007457280	4	0	0	21	6	1.99484
1418837008459756	4	0	0	21	6	0
1418837009462505	4	0	0	19	8	1.99452
1418837010467021	4	0	0	19	8	0
1418837011469589	4	0	0	19	8	0
1418837012471857	4	0	0	19	8	0
1418837013474333	4	0	0	19	8	0
1418837014476596	4	0	0	19	8	0
1418837015479021	4	0	0	19	8	0
1418837016481264	4	0	0	19	8	0
1418837017483731	4	0	0	19	8	0
1418837018485940	4	0	0	19	8	0
1418837019488508	4	0	0	19	8	0
1418837020490762	4	0	0	19	8	0
1418837021493223	4	0	0	19	8	0
1418837022495453	4	0	0	19	8	0
1418837023498005	4	0	0	19	8	0
1418837024500306	4	0	0	19	8	0
1418837025502763	4	0	0	19	8	0
1418837026505065	4	0	0	19	8	0
1418837027507433	4	0	0	19	8	0
1418837028509685	4	0	0	19	8	0
1418837029512378	4	0	0	19	8	0
1418837030514702	4	0	0	19	8	0
1418837031517149	4	0	0	19	8	0
1418837032519433	4	0	0	17	10	1.99544
1418837033521919	4	0	0	17	10	0
1418837034524209	4	0	0	15	12	1.99543
1418837035526742	4	0	0	15	12	0
1418837036528997	4	0	0	15	12	0
1418837037531441	4	0	0	15	12	0
1418837038533691	4	0	0	15	12	0
1418837039536293	4	0	0	15	12	0
1418837040538516	4	0	0	15	12	0
1418837041540959	4	0	0	15	12	0
1418837042543445	4	0	0	15	12	0
1418837043546890	4	0	0	15	12	0
1418837044549456	4	0	0	15	12	0
1418837045551904	4	0	0	15	12	0
1418837046554211	4	0	0	15	12	0
1418837047556933	4	0	0	15	12	0
1418837048559242	4	0	0	15	12	0
1418837049561849	4	0	0	15	12	0
1418837050564234	4	0	0	15	12	0
1418837051566830	4	0	0	15	12	0
1418837052569165	4	0	0	15	12	0
1418837053571658	4	0	0	15	12	0
1418837054573982	4	0	0	15	12	0
1418837055576494	4	0	0	14	13	0.997494
1418837056578809	4	0	0	14	13	0
1418837057581289	4	0	0	14	13	0
1418837058583541	4	0	0	13	14	0.997753
1418837059586083	4	0	0	13	14	0
1418837060588342	4	0	0	11	16	1.99549
1418837061590779	4	0	0	11	16	0
1418837062593044	4	0	0	11	16	0
1418837063595511	4	0	0	11	16	0
1418837064597773	4	0	0	11	16	0
1418837065600207	4	0	0	11	16	0
1418837066602423	4	0	0	11	16	0
1418837067604943	4	0	0	11	16	0
1418837068607239	4	0	0	11	16	0
1418837069609741	4	0	0	11	16	0
1418837070612076	4	0	0	11	16	0
1418837071614751	4	0	0	11	16	0
1418837072617065	4	0	0	11	16	0
1418837073619754	4	0	0	11	16	0
1418837074622102	4	0	0	11	16	0
1418837075624584	4	0	0	11	16	0
1418837076626818	4	0	0	11	16	0
1418837077629203	4	0	0	11	16	0
1418837078631551	4	0	0	11	16	0
1418837079634024	4	0	0	11	16	0
1418837080636380	4	0	0	11	16	0
1418837081638848	4	0	0	10	17	0.997538
1418837082641146	4	0	0	10	17	0
1418837083643501	4	0	0	9	18	0.997651
1418837084645758	4	0	0	9	18	0
1418837085648147	4	0	0	7	19	0.997617
1418837086650358	4	0	0	7	20	0.997794
1418837087652801	4	0	0	7	20	0
1418837088654978	4	0	0	7	20	0
1418837089657290	4	0	0	7	20	0
1418837090659399	4	0	0	7	20	0
1418837091661732	4	0	0	7	20	0
1418837092663947	4	0	0	7	20	0
1418837093666314	4	0	0	7	20	0
1418837094668459	4	0	0	7	20	0
1418837095670849	4	0	0	7	20	0
1418837096673019	4	0	0	7	20	0
1418837097675401	4	0	0	7	20	0
1418837098677688	4	0	0	7	20	0
1418837099680077	4	0	0	7	20	0
1418837100682335	4	0	0	7	20	0
1418837101684688	4	0	0	7	20	0
1418837102687043	4	0	0	7	20	0
1418837103689523	4	0	0	6	21	0.997526
1418837104691823	4	0	0	6	21	0
1418837105694456	4	0	0	6	21	0
1418837106696859	4	0	0	4	23	1.99521
1418837107699628	4	0	0	4	23	0
1418837108702005	4	0	0	4	23	0
1418837109704555	4	0	0	4	23	0
1418837110707007	4	0	0	4	23	0
1418837111709744	4	0	0	4	23	0
1418837112712088	4	0	0	4	23	0
1418837113714500	4	0	0	3	24	0.997594
1418837114716774	4	0	0	3	24	0
1418837115719232	4	0	0	3	24	0
1418837116721361	4	0	0	3	24	0
1418837117723866	4	0	0	3	24	0
1418837118726035	4	0	0	3	24	0
1418837119728689	4	0	0	3	24	0
1418837120731186	4	0	0	3	24	0
1418837121733585	4	0	0	3	24	0
1418837122735779	4	0	0	3	24	0
1418837123738096	4	0	0	3	24	0
1418837124740311	4	0	0	3	24	0
1418837125742650	4	0	0	3	24	0
1418837126744969	4	0	0	3	24	0
1418837127747285	4	0	0	3	24	0
1418837128749647	4	0	0	2	24	0
1418837129752174	4	0	0	2	25	0.997479
1418837130754453	4	0	0	2	25	0
1418837131757037	4	0	0	2	25	0
1418837132759376	4	0	0	1	26	0.997666
1418837133761888	4	0	0	1	26	0
1418837134764238	4	1	0	1	27	0.997656
1418837135766555	4	1	0	1	27	0
1418837136768667	4	1	0	1	27	0
1418837137771074	4	1	0	1	27	0
1418837138773327	4	1	0	1	27	0
1418837139775809	4	1	0	0	28	0.997524
1418837140777952	4	1	0	0	28	0
1418837141780377	4	1	0	0	28	0
1418837142782533	4	1	0	0	28	0
1418837143784909	4	1	0	0	28	0
1418837144787130	4	1	0	0	28	0
1418837145789546	4	1	0	0	28	0
1418837146791686	4	1	0	0	28	0
1418837147794108	4	1	0	0	28	0
1418837148796230	4	1	0	0	28	0
1418837149798585	4	1	0	0	28	0
1418837150800930	4	1	0	0	28	0
1418837151803436	4	1	0	0	28	0
1418837152805725	4	1	0	0	28	0
1418837153808065	4	1	0	0	28	0
1418837154810157	4	1	0	0	28	0
1418837155812763	4	1	0	0	28	0
1418837156814876	4	2	0	0	29	0.997891
1418837157817265	4	3	0	0	30	0.997617
1418837158819556	4	3	0	0	30	0
1418837159821848	4	3	0	0	30	0
1418837160824030	4	3	0	0	30	0
1418837161826678	4	3	0	0	30	0
1418837162829052	4	3	0	0	30	0
1418837163831802	4	3	0	0	30	0
1418837164834089	4	3	0	0	31	0.997718
1418837165836584	4	3	0	0	31	0
1418837166838883	4	3	0	0	31	0
1418837167841210	4	3	0	0	31	0
1418837168843358	4	3	0	0	31	0
1418837169845911	4	3	0	0	31	0
1418837170848288	4	4	0	0	32	0.997629
